data/map/VenocoData/cont_maps/Projected_to_NAD83SP0404/05_M_GREEN_proj/05_rasterASCIIs/rastert_05_m_gr1.txt
ncols         50
nrows         48
xllcorner     1825504.4947612
yllcorner     554888.8887183
cellsize      340
NODATA_value  -9999
-3900 -3900 -3900 -9999 -9999 -9999 -9999 -9999 -9999 -9999 -9999 -9999 -9999 -9999 -9999 -9999 -9999 -9999 -9999 -9999 -9999 -9999 -9999 -9999 -9999 -9999 -9999 -9999 -9999 -9999 -9999 -9999 -9999 -9999 -9999 -9999 -9999 -9999 -9999 -9999 -9999 -9999 -9999 -9999 -9999 -9999 -9999 -9999 -9999 -9999 
-3900 -3900 -3900 -9999 -9999 -9999 -9999 -9999 -9999 -9999 -9999 -9999 -9999 -9999 -9999 -9999 -9999 -9999 -9999 -9999 -9999 -9999 -9999 -9999 -9999 -9999 -9999 -9999 -9999 -9999 -9999 -9999 -9999 -9999 -9999 -9999 -9999 -9999 -9999 -9999 -9999 -9999 -9999 -9999 -9999 -9999 -9999 -9999 -9999 -9999 
-4000 -4000 -4000 -4000 -4000 -4000 -4000 -9999 -9999 -3900 -3900 -9999 -9999 -9999 -9999 -9999 -9999 -9999 -9999 -9999 -9999 -9999 -9999 -9999 -9999 -9999 -9999 -9999 -9999 -9999 -9999 -9999 -9999 -9999 -9999 -9999 -9999 -9999 -9999 -9999 -9999 -9999 -9999 -9999 -9999 -9999 -9999 -9999 -9999 -9999 
-9999 -4100 -4100 -4100 -4100 -4100 -4100 -4000 -4000 -9999 -3900 -3800 -3800 -3700 -3600 -9999 -9999 -9999 -9999 -9999 -9999 -9999 -9999 -9999 -9999 -9999 -9999 -9999 -9999 -9999 -9999 -9999 -9999 -9999 -9999 -9999 -9999 -9999 -9999 -9999 -9999 -9999 -9999 -9999 -9999 -9999 -9999 -9999 -9999 -9999 
-9999 -4300 -4300 -4300 -4200 -4200 -4200 -4100 -4100 -4000 -9999 -3900 -3800 -3700 -3600 -3500 -3500 -3400 -3300 -3200 -9999 -9999 -9999 -9999 -9999 -9999 -9999 -9999 -9999 -9999 -9999 -9999 -9999 -9999 -9999 -9999 -9999 -9999 -9999 -9999 -9999 -9999 -9999 -9999 -9999 -9999 -9999 -9999 -9999 -9999 
-9999 -4400 -4400 -4400 -4400 -4300 -4300 -4200 -4200 -4100 -4000 -4000 -3900 -3800 -3700 -3600 -3500 -3400 -3300 -3200 -3100 -3000 -2900 -2800 -9999 -9999 -9999 -9999 -9999 -9999 -9999 -9999 -9999 -9999 -9999 -9999 -9999 -9999 -9999 -9999 -9999 -9999 -9999 -9999 -9999 -9999 -9999 -9999 -9999 -9999 
-9999 -9999 -4600 -4500 -4500 -4500 -4400 -4300 -4300 -4200 -4100 -4000 -3900 -3800 -3700 -3600 -3500 -3400 -3300 -3200 -3100 -3000 -2900 -2800 -2700 -2600 -9999 -2500 -9999 -9999 -9999 -9999 -9999 -9999 -9999 -9999 -9999 -9999 -9999 -9999 -9999 -9999 -9999 -9999 -9999 -9999 -9999 -9999 -9999 -9999 
-9999 -9999 -4700 -4700 -4600 -4600 -4500 -4500 -4400 -4300 -4200 -4100 -4000 -3900 -3800 -3600 -3500 -3400 -3300 -3200 -3100 -3000 -2900 -2800 -2700 -2600 -2500 -2500 -2400 -9999 -2300 -9999 -9999 -9999 -9999 -9999 -9999 -9999 -9999 -9999 -9999 -9999 -9999 -9999 -9999 -9999 -9999 -9999 -9999 -9999 
-9999 -9999 -4900 -4900 -4800 -4700 -4600 -4600 -4500 -4400 -4300 -4200 -4100 -4000 -3900 -3700 -3600 -3500 -3400 -3300 -3100 -3000 -2900 -2800 -2700 -2600 -9999 -2500 -2400 -9999 -2300 -9999 -9999 -9999 -2300 -9999 -9999 -9999 -9999 -9999 -9999 -9999 -9999 -9999 -9999 -9999 -9999 -9999 -9999 -9999 
-9999 -9999 -9999 -5000 -5000 -5000 -4900 -4700 -4700 -4600 -4400 -4300 -4200 -4000 -3900 -3800 -3600 -3500 -3400 -3300 -3200 -3100 -2900 -2800 -2700 -2600 -9999 -2500 -2400 -9999 -9999 -2300 -2300 -2300 -2300 -2300 -9999 -9999 -9999 -9999 -9999 -9999 -9999 -9999 -9999 -9999 -9999 -9999 -9999 -9999 
-9999 -9999 -9999 -5100 -5200 -5100 -5000 -4900 -4800 -4700 -4500 -4400 -4200 -4100 -4000 -3800 -3700 -3600 -3500 -3300 -3200 -3100 -3000 -2800 -2700 -2600 -9999 -2500 -2400 -9999 -9999 -9999 -9999 -2400 -2400 -2400 -2400 -2400 -9999 -9999 -9999 -9999 -9999 -9999 -9999 -9999 -9999 -9999 -9999 -9999 
-9999 -9999 -9999 -5400 -5400 -5300 -5200 -5100 -4900 -4800 -4600 -4500 -4300 -4200 -4000 -3900 -3700 -3600 -3500 -3400 -3300 -3100 -3000 -2900 -2700 -2600 -9999 -2500 -9999 -2400 -2400 -2400 -2400 -9999 -9999 -9999 -9999 -9999 -9999 -2500 -9999 -9999 -9999 -9999 -9999 -9999 -9999 -9999 -9999 -9999 
-9999 -9999 -9999 -5500 -5600 -5500 -5400 -5200 -5100 -4900 -4700 -4600 -4400 -4200 -4100 -4000 -3800 -3700 -3600 -3400 -3300 -3200 -3000 -2900 -2700 -2600 -9999 -2500 -9999 -2400 -9999 -9999 -9999 -2500 -2500 -2500 -2500 -2500 -2500 -2500 -9999 -9999 -9999 -9999 -9999 -9999 -9999 -9999 -9999 -9999 
-9999 -9999 -9999 -9999 -5700 -5700 -5600 -5500 -5300 -5100 -4900 -4700 -4500 -4300 -4200 -4000 -3900 -3800 -3600 -3500 -3400 -3200 -3100 -2900 -2700 -2600 -9999 -2500 -9999 -9999 -9999 -2500 -2500 -2500 -9999 -9999 -9999 -9999 -9999 -9999 -2600 -9999 -9999 -9999 -9999 -9999 -9999 -9999 -9999 -9999 
-9999 -9999 -9999 -9999 -5900 -5800 -5800 -5700 -5500 -5300 -5100 -4800 -4600 -4400 -4300 -4200 -4100 -4000 -3900 -3600 -3500 -3300 -3100 -2900 -2700 -2600 -9999 -2500 -9999 -9999 -2500 -9999 -9999 -9999 -9999 -9999 -9999 -9999 -2600 -2600 -2600 -9999 -9999 -2700 -9999 -9999 -9999 -9999 -9999 -9999 
-9999 -9999 -9999 -9999 -6200 -6200 -6000 -5900 -5800 -5600 -5300 -5000 -4800 -4500 -4400 -4300 -4200 -4100 -4000 -3900 -3500 -3400 -3200 -3000 -2800 -2700 -2500 -9999 -9999 -2500 -2500 -9999 -9999 -9999 -9999 -9999 -2600 -2600 -2600 -9999 -9999 -2700 -2700 -2700 -9999 -9999 -9999 -9999 -9999 -9999 
-9999 -9999 -9999 -9999 -9999 -6300 -6200 -6100 -6000 -5800 -5600 -5300 -5000 -4700 -4900 -4400 -4400 -4300 -4200 -4100 -3900 -3400 -3300 -3100 -2900 -2800 -2600 -2500 -2500 -2600 -2600 -2600 -9999 -9999 -9999 -2600 -9999 -9999 -9999 -2700 -2700 -2700 -9999 -9999 -9999 -9999 -9999 -9999 -9999 -9999 
-9999 -9999 -9999 -9999 -9999 -6600 -6600 -6400 -6300 -6400 -6200 -5900 -5700 -5400 -5300 -5100 -4800 -4400 -4300 -4200 -4100 -4000 -3400 -3300 -3200 -3000 -2800 -2600 -2600 -2700 -2700 -9999 -2600 -9999 -2600 -9999 -9999 -9999 -2700 -9999 -9999 -9999 -2800 -2800 -9999 -9999 -9999 -9999 -9999 -9999 
-9999 -9999 -9999 -9999 -9999 -6900 -6900 -6900 -6900 -6800 -6600 -6400 -6000 -5800 -5500 -5300 -5100 -4800 -4500 -4400 -4300 -4200 -4100 -3400 -3300 -3100 -3000 -2900 -2700 -2700 -9999 -9999 -2600 -2600 -2600 -9999 -9999 -2700 -9999 -2800 -2800 -2800 -9999 -9999 -2800 -2800 -9999 -9999 -9999 -2800 
-9999 -9999 -9999 -9999 -9999 -7000 -7100 -7200 -7200 -7200 -7000 -6800 -6500 -6100 -5700 -5500 -5300 -5000 -4800 -4600 -4400 -4300 -4200 -4100 -3400 -3300 -3100 -3100 -2800 -2700 -9999 -9999 -9999 -9999 -9999 -9999 -9999 -2700 -2800 -2900 -2900 -2900 -2900 -2900 -9999 -9999 -2800 -2800 -2800 -2800 
-9999 -9999 -9999 -9999 -9999 -9999 -7300 -7400 -7400 -7400 -7300 -7100 -6700 -6300 -6100 -5900 -5600 -5300 -5000 -4800 -4500 -4400 -4300 -4200 -4100 -3400 -3200 -3100 -3000 -2900 -2800 -2800 -2700 -2700 -9999 -9999 -2700 -2800 -2900 -3000 -3000 -3000 -9999 -2900 -2900 -9999 -9999 -2800 -9999 -9999 
-9999 -9999 -9999 -9999 -9999 -9999 -7500 -7500 -7600 -7600 -7400 -7300 -6800 -6600 -6300 -6100 -5800 -5500 -5300 -5100 -4800 -4700 -4400 -4300 -4200 -3500 -3300 -3100 -3100 -3000 -3000 -2900 -2800 -2800 -2700 -9999 -2700 -2900 -3000 -3100 -3100 -9999 -3000 -3000 -9999 -2900 -9999 -9999 -2800 -9999 
-9999 -9999 -9999 -9999 -9999 -9999 -7600 -7600 -9999 -7600 -7500 -7300 -7100 -6800 -6500 -6300 -6100 -5700 -5500 -5300 -5100 -4900 -4700 -4400 -4400 -4300 -3400 -3200 -3200 -3200 -3100 -3000 -2900 -2800 -2700 -2700 -2800 -2900 -3100 -9999 -9999 -3100 -9999 -3000 -9999 -9999 -2900 -9999 -9999 -9999 
-9999 -9999 -9999 -9999 -9999 -9999 -9999 -7700 -7700 -9999 -7600 -7400 -7200 -7000 -6800 -6600 -6300 -5900 -5700 -5500 -5300 -5100 -4900 -4700 -4400 -4400 -4300 -3400 -3300 -3300 -3200 -3100 -3000 -2900 -2800 -2800 -2900 -3000 -3100 -9999 -9999 -9999 -3100 -3000 -9999 -2900 -2900 -9999 -9999 -9999 
-9999 -9999 -9999 -9999 -9999 -9999 -9999 -7700 -7700 -7700 -7700 -7600 -7300 -7200 -7000 -6800 -6300 -6100 -5900 -5700 -5500 -5400 -5100 -4900 -4700 -4400 -4400 -4400 -3400 -3400 -3300 -3200 -3100 -3000 -3000 -3000 -3000 -3100 -3200 -3200 -3200 -3200 -3100 -3000 -2900 -2900 -9999 -9999 -9999 -9999 
-9999 -9999 -9999 -9999 -9999 -9999 -9999 -7700 -7700 -9999 -7800 -7700 -7500 -7300 -7200 -7000 -6700 -6300 -6100 -5900 -5700 -5500 -5300 -5200 -4900 -4700 -4500 -4400 -4400 -3500 -3400 -3300 -3200 -3200 -3200 -3100 -3100 -3200 -3300 -3300 -3300 -3200 -3100 -3000 -2900 -9999 -9999 -9999 -9999 -9999 
-9999 -9999 -9999 -9999 -9999 -9999 -9999 -9999 -7800 -7900 -7800 -7800 -7700 -7500 -7400 -7300 -6900 -6600 -6500 -6300 -6100 -6000 -5700 -5500 -5300 -5000 -4700 -9999 -9999 -9999 -3500 -3500 -3400 -3400 -3400 -3300 -3300 -3400 -3500 -3400 -3400 -3200 -3100 -3000 -2900 -9999 -9999 -9999 -9999 -9999 
-9999 -9999 -9999 -9999 -9999 -9999 -9999 -9999 -7900 -7900 -7900 -7900 -7900 -7800 -7700 -7400 -7100 -6900 -6800 -6600 -6400 -6200 -6000 -5900 -5600 -5300 -4900 -4500 -9999 -4400 -4400 -3700 -3700 -3600 -3600 -3500 -3600 -3600 -3600 -3500 -3400 -3300 -3100 -3000 -2900 -9999 -9999 -9999 -9999 -9999 
-9999 -9999 -9999 -9999 -9999 -9999 -9999 -9999 -9999 -7800 -7900 -8000 -8100 -8000 -7900 -7700 -7400 -7200 -7100 -6800 -6700 -6500 -6300 -6100 -5900 -5600 -5200 -4600 -4500 -4400 -9999 -4300 -3900 -3800 -3800 -3700 -3700 -3700 -3700 -3600 -3500 -3300 -3200 -3100 -3000 -9999 -9999 -9999 -9999 -9999 
-9999 -9999 -9999 -9999 -9999 -9999 -9999 -9999 -9999 -7800 -7900 -8000 -8100 -8100 -8000 -7900 -7700 -7400 -7400 -7200 -7000 -6800 -6600 -6400 -6200 -5900 -5500 -4800 -4600 -4500 -4400 -4300 -4100 -4000 -3900 -3900 -3900 -3900 -3800 -3700 -3600 -3400 -3200 -3100 -3100 -9999 -9999 -9999 -9999 -9999 
-9999 -9999 -9999 -9999 -9999 -9999 -9999 -9999 -9999 -9999 -8000 -9999 -8100 -9999 -8100 -8000 -7900 -7700 -7500 -7400 -7200 -7000 -6800 -6600 -6400 -6100 -5700 -5100 -4800 -4600 -4500 -4400 -4300 -4100 -4000 -4000 -4000 -4000 -3900 -3700 -3600 -3400 -3300 -3200 -9999 -9999 -9999 -9999 -9999 -9999 
-9999 -9999 -9999 -9999 -9999 -9999 -9999 -9999 -9999 -9999 -8000 -8000 -8000 -8100 -8100 -8200 -8100 -7800 -7600 -7500 -7100 -7100 -6900 -6700 -6500 -6200 -5800 -5300 -5100 -4900 -4600 -4500 -4400 -4200 -4200 -4200 -4100 -4100 -3900 -3800 -3600 -3500 -3500 -3400 -9999 -9999 -9999 -9999 -9999 -9999 
-9999 -9999 -9999 -9999 -9999 -9999 -9999 -9999 -9999 -9999 -9999 -7900 -7900 -7800 -7800 -8000 -8200 -8000 -7800 -7700 -7200 -7100 -7000 -6800 -6600 -6300 -5700 -5400 -5300 -5100 -4900 -4700 -4600 -4700 -4300 -4300 -4300 -4200 -4100 -3900 -3900 -3700 -3600 -9999 -9999 -9999 -9999 -9999 -9999 -9999 
-9999 -9999 -9999 -9999 -9999 -9999 -9999 -9999 -9999 -9999 -9999 -7700 -7600 -7600 -7500 -7600 -7700 -8000 -8000 -7600 -7400 -7300 -7100 -7000 -6700 -6400 -5800 -5700 -5400 -5300 -5100 -4900 -4800 -4800 -4600 -4600 -4400 -4300 -4200 -4100 -4000 -3900 -9999 -9999 -9999 -9999 -9999 -9999 -9999 -9999 
-9999 -9999 -9999 -9999 -9999 -9999 -9999 -9999 -9999 -9999 -9999 -9999 -7500 -7400 -7300 -7400 -7500 -7800 -7800 -7800 -7500 -7400 -7300 -7000 -6800 -6500 -6200 -5800 -5600 -5400 -5400 -5200 -5100 -5000 -4900 -4800 -4700 -4500 -4300 -4200 -4100 -9999 -9999 -9999 -9999 -9999 -9999 -9999 -9999 -9999 
-9999 -9999 -9999 -9999 -9999 -9999 -9999 -9999 -9999 -9999 -9999 -9999 -9999 -7300 -9999 -7300 -7400 -7300 -7600 -7600 -7500 -7400 -7200 -7100 -6900 -6600 -6300 -5900 -5800 -5700 -5600 -5500 -5300 -5100 -5000 -4900 -4800 -4500 -4400 -4300 -9999 -9999 -9999 -9999 -9999 -9999 -9999 -9999 -9999 -9999 
-9999 -9999 -9999 -9999 -9999 -9999 -9999 -9999 -9999 -9999 -9999 -9999 -9999 -9999 -7200 -7200 -7200 -7200 -7200 -7400 -7300 -9999 -7300 -7100 -6900 -6700 -6400 -6000 -5900 -5800 -5600 -5500 -5400 -5300 -5100 -5000 -4700 -4600 -4500 -9999 -9999 -9999 -9999 -9999 -9999 -9999 -9999 -9999 -9999 -9999 
-9999 -9999 -9999 -9999 -9999 -9999 -9999 -9999 -9999 -9999 -9999 -9999 -9999 -9999 -7200 -9999 -9999 -7100 -7100 -7000 -7100 -7200 -7100 -6900 -6700 -6600 -6400 -6200 -6000 -5700 -5600 -5400 -5400 -5300 -5200 -5000 -4800 -4700 -9999 -9999 -9999 -9999 -9999 -9999 -9999 -9999 -9999 -9999 -9999 -9999 
-9999 -9999 -9999 -9999 -9999 -9999 -9999 -9999 -9999 -9999 -9999 -9999 -9999 -9999 -7100 -7100 -7100 -7000 -6900 -6900 -7000 -6800 -6700 -6600 -6500 -6400 -6300 -6000 -5800 -5600 -5500 -5300 -5300 -5200 -5100 -4900 -4800 -9999 -9999 -9999 -9999 -9999 -9999 -9999 -9999 -9999 -9999 -9999 -9999 -9999 
-9999 -9999 -9999 -9999 -9999 -9999 -9999 -9999 -9999 -9999 -9999 -9999 -9999 -9999 -9999 -7000 -7000 -6900 -6800 -6700 -6600 -6600 -6500 -6400 -6300 -6300 -6200 -6100 -5900 -5500 -5300 -5100 -5000 -5100 -4900 -4800 -9999 -9999 -9999 -9999 -9999 -9999 -9999 -9999 -9999 -9999 -9999 -9999 -9999 -9999 
-9999 -9999 -9999 -9999 -9999 -9999 -9999 -9999 -9999 -9999 -9999 -9999 -9999 -9999 -9999 -6900 -6800 -6700 -6600 -6600 -6500 -6400 -6400 -6200 -6200 -6100 -6000 -5900 -5700 -5400 -5300 -5100 -4900 -4900 -4800 -9999 -9999 -9999 -9999 -9999 -9999 -9999 -9999 -9999 -9999 -9999 -9999 -9999 -9999 -9999 
-9999 -9999 -9999 -9999 -9999 -9999 -9999 -9999 -9999 -9999 -9999 -9999 -9999 -9999 -9999 -9999 -6600 -6500 -6500 -6400 -6400 -6300 -6200 -6000 -6000 -5900 -5800 -5800 -5700 -5300 -5200 -5100 -4900 -4800 -9999 -9999 -9999 -9999 -9999 -9999 -9999 -9999 -9999 -9999 -9999 -9999 -9999 -9999 -9999 -9999 
-9999 -9999 -9999 -9999 -9999 -9999 -9999 -9999 -9999 -9999 -9999 -9999 -9999 -9999 -9999 -9999 -6300 -6300 -6200 -6200 -6200 -6100 -6000 -5800 -5700 -5600 -5500 -5600 -5500 -5200 -5200 -5100 -5000 -9999 -9999 -9999 -9999 -9999 -9999 -9999 -9999 -9999 -9999 -9999 -9999 -9999 -9999 -9999 -9999 -9999 
-9999 -9999 -9999 -9999 -9999 -9999 -9999 -9999 -9999 -9999 -9999 -9999 -9999 -9999 -9999 -9999 -9999 -6100 -6000 -6000 -5900 -5900 -5800 -5700 -5600 -5400 -5300 -5200 -5100 -5300 -5200 -5200 -5100 -9999 -9999 -9999 -9999 -9999 -9999 -9999 -9999 -9999 -9999 -9999 -9999 -9999 -9999 -9999 -9999 -9999 
-9999 -9999 -9999 -9999 -9999 -9999 -9999 -9999 -9999 -9999 -9999 -9999 -9999 -9999 -9999 -9999 -9999 -5800 -5700 -5700 -5700 -5400 -5600 -5500 -5400 -5300 -5200 -5200 -5100 -5300 -5300 -9999 -9999 -9999 -9999 -9999 -9999 -9999 -9999 -9999 -9999 -9999 -9999 -9999 -9999 -9999 -9999 -9999 -9999 -9999 
-9999 -9999 -9999 -9999 -9999 -9999 -9999 -9999 -9999 -9999 -9999 -9999 -9999 -9999 -9999 -9999 -9999 -9999 -5400 -5200 -5400 -5100 -5300 -5200 -5000 -5100 -5000 -5000 -5100 -5200 -9999 -9999 -9999 -9999 -9999 -9999 -9999 -9999 -9999 -9999 -9999 -9999 -9999 -9999 -9999 -9999 -9999 -9999 -9999 -9999 
-9999 -9999 -9999 -9999 -9999 -9999 -9999 -9999 -9999 -9999 -9999 -9999 -9999 -9999 -9999 -9999 -9999 -9999 -5100 -5100 -5000 -5000 -5000 -4900 -4900 -4900 -9999 -9999 -9999 -9999 -9999 -9999 -9999 -9999 -9999 -9999 -9999 -9999 -9999 -9999 -9999 -9999 -9999 -9999 -9999 -9999 -9999 -9999 -9999 -9999 
-9999 -9999 -9999 -9999 -9999 -9999 -9999 -9999 -9999 -9999 -9999 -9999 -9999 -9999 -9999 -9999 -9999 -9999 -9999 -4800 -4800 -4700 -9999 -9999 -9999 -9999 -9999 -9999 -9999 -9999 -9999 -9999 -9999 -9999 -9999 -9999 -9999 -9999 -9999 -9999 -9999 -9999 -9999 -9999 -9999 -9999 -9999 -9999 -9999 -9999 
