data/map/VenocoData/cont_maps/Projected_to_NAD83SP0404/01_BASEMENT_proj/01_rasterASCIIs/rastert_01_base2.txt
ncols         123
nrows         123
xllcorner     1814404.1554518
yllcorner     538111.73930609
cellsize      340
NODATA_value  -9999
[rows 34 to 67 of 123, columns 0 to 76 of 123]
-9999 -600 -9999 -700 -800 -1000 -1200 -1400 -1700 -2000 -2300 -2600 -3000 -3300 -3600 -3900 -4200 -4600 -5200 -5500 -5800 -6100 -6400 -6600 -6900 -7200 -7400 -7800 -7900 -8100 -8300 -8400 -8300 -8500 -8400 -8400 -7900 -7700 -7400 -7100 -6900 -6500 -6000 -5500 -5000 -4100 -3600 -3100 -2800 -2600 -2400 -2300 -2100 -2000 -1900 -1800 -1800 -1700 -1700 -1700 -1600 -1700 -1700 -1700 -1800 -1800 -1800 -1900 -1900 -2000 -2000 -2000 -2100 -2100 -2100 -9999 -2000
-9999 -9999 -600 -700 -800 -1000 -1200 -1400 -1900 -2000 -2300 -2600 -2900 -3300 -3700 -4000 -4300 -4700 -5000 -5600 -5900 -6200 -6500 -6800 -7000 -7300 -7500 -7900 -8100 -8300 -8500 -8600 -8700 -8700 -8700 -8600 -8400 -8200 -8000 -7600 -7300 -6900 -6400 -5900 -5400 -4400 -3900 -3500 -3200 -2900 -2700 -2500 -2400 -2200 -2100 -2000 -1900 -1900 -1800 -1800 -1800 -1800 -1800 -1800 -1900 -1900 -2000 -2000 -2100 -2100 -2100 -2100 -2200 -2200 -9999 -2100 -2100
-600 -600 -600 -700 -800 -1000 -1200 -1400 -1700 -2200 -2500 -2800 -3100 -3400 -3700 -4100 -4400 -5000 -5300 -5500 -6000 -6300 -6600 -6900 -7100 -7400 -7700 -8100 -8300 -8500 -8600 -8800 -8900 -8900 -8900 -8900 -8700 -8600 -8300 -8000 -7700 -7300 -6800 -6300 -5700 -4800 -4300 -3900 -3600 -3300 -3000 -2800 -2700 -2500 -2300 -2200 -2100 -2100 -2000 -2000 -2000 -2000 -2000 -2000 -2000 -2100 -2100 -2200 -2200 -2200 -2300 -2300 -2300 -2300 -2200 -2200 -2200
-9999 -9999 -9999 -700 -800 -1000 -1200 -1700 -2000 -2100 -2600 -2900 -3200 -3500 -3800 -4100 -4500 -4800 -5400 -5700 -5900 -6400 -6700 -7000 -7200 -7500 -7800 -8200 -8400 -8600 -8800 -8900 -9100 -9100 -9200 -9200 -9100 -8900 -8700 -8500 -8100 -7700 -7200 -6600 -6100 -5200 -4700 -4300 -3900 -3600 -3300 -3100 -2900 -2700 -2600 -2400 -2300 -2200 -2200 -2200 -2200 -2200 -2200 -2200 -2200 -2200 -2300 -2300 -2300 -2400 -2400 -2400 -2400 -2400 -2400 -2300 -2300
-700 -700 -700 -800 -900 -1100 -1300 -1800 -2100 -2200 -2500 -2800 -3100 -3500 -3900 -4200 -4500 -5200 -5500 -5800 -6100 -6300 -6700 -7000 -7300 -7600 -7900 -8400 -8600 -8800 -8900 -9100 -9200 -9300 -9400 -9400 -9300 -9200 -9100 -8800 -8500 -8100 -7600 -7000 -6400 -5600 -5100 -4700 -4300 -4000 -3700 -3400 -3200 -3000 -2800 -2600 -2500 -2400 -2400 -2400 -2300 -2400 -2400 -2300 -2400 -2400 -2400 -2500 -2500 -2500 -2600 -2600 -2500 -2500 -2500 -2400 -2400
-800 -800 -800 -900 -1000 -1200 -1400 -1600 -1900 -2400 -2700 -3000 -3300 -3600 -3900 -4300 -4600 -4900 -5600 -5900 -6200 -6500 -6800 -7100 -7400 -7700 -8000 -8500 -8700 -8900 -9100 -9200 -9400 -9500 -9600 -9700 -9600 -9500 -9400 -9200 -8900 -8500 -8000 -7400 -6800 -5900 -5500 -5100 -4700 -4300 -4000 -3700 -3500 -3200 -3000 -2900 -2700 -2600 -2700 -2500 -2600 -2600 -2600 -2600 -2500 -2600 -2700 -2700 -2600 -2700 -2700 -2700 -2700 -2600 -2600 -2500 -2500
-900 -900 -1000 -1100 -1200 -1300 -1500 -1800 -2000 -2500 -2800 -3100 -3400 -3700 -4000 -4300 -4700 -5000 -5400 -6000 -6300 -6600 -6900 -7200 -7500 -7800 -8100 -8600 -8800 -9000 -9200 -9400 -9500 -9700 -9800 -9900 -10000 -9800 -9700 -9500 -9300 -8900 -8300 -7700 -7100 -6500 -5900 -5500 -5100 -4700 -4400 -4000 -3800 -3500 -3300 -3100 -3000 -2900 -2800 -2900 -2700 -2800 -2800 -2800 -2700 -2900 -2900 -2900 -2900 -2800 -2800 -2900 -2900 -2700 -2800 -2700 -2600
-1000 -1000 -1100 -1200 -1300 -1500 -1700 -1900 -2100 -2600 -2900 -3200 -3500 -3800 -4100 -4400 -4700 -5100 -5700 -5800 -6400 -6700 -7000 -7300 -7600 -7900 -8200 -8700 -8900 -9100 -9300 -9500 -9700 -9800 -9900 -10000 -10200 -10100 -10000 -9800 -9600 -9200 -8700 -8100 -7400 -6600 -6200 -5900 -5400 -5100 -4700 -4400 -4100 -3800 -3600 -3400 -3200 -3100 -3000 -3200 -3100 -2900 -3100 -3100 -2900 -3100 -3100 -3100 -3200 -3200 -3200 -3100 -3100 -3000 -2900 -2900 -2800
-1100 -1100 -1200 -1300 -1400 -1600 -1800 -2000 -2200 -2700 -3000 -3300 -3600 -3900 -4200 -4500 -4800 -5200 -5800 -6100 -6200 -6600 -7100 -7400 -7700 -8000 -8500 -8600 -9000 -9200 -9400 -9600 -9800 -9900 -10100 -10200 -10300 -10300 -10200 -10100 -9900 -9500 -9000 -8400 -7700 -7000 -6600 -6200 -5800 -5400 -5100 -4800 -4700 -4200 -4100 -3700 -3500 -3400 -3300 -3500 -3400 -3300 -3300 -3300 -3300 -3300 -3400 -3400 -3400 -3400 -3400 -3400 -3300 -3200 -3100 -3000 -2900
-1200 -1300 -1300 -1400 -1500 -1700 -1900 -2100 -2300 -2800 -3100 -3400 -3700 -4000 -4300 -4600 -4900 -5200 -5900 -6200 -6500 -6800 -7000 -7300 -7700 -8000 -8300 -8600 -9100 -9300 -9500 -9700 -9900 -10000 -10200 -10300 -10400 -10400 -10300 -10200 -10000 -9600 -9200 -8600 -8300 -7500 -7000 -6600 -6200 -5800 -5700 -5400 -5100 -4900 -4600 -4400 -4100 -3900 -3800 -3700 -3700 -3600 -3600 -3600 -3600 -3600 -3600 -3700 -3700 -3700 -3600 -3600 -3500 -3400 -3200 -3100 -3000
-1300 -1400 -1400 -1500 -1700 -1800 -2000 -2200 -2500 -2900 -3200 -3500 -3800 -4100 -4400 -4700 -5000 -5300 -5700 -6000 -6600 -6900 -7200 -7500 -7800 -8100 -8400 -8900 -9000 -9400 -9600 -9800 -10000 -10100 -10300 -10400 -10500 -10500 -10400 -10300 -10100 -9800 -9400 -9100 -8600 -7900 -7500 -7200 -6800 -6500 -6200 -5900 -5600 -5200 -4800 -4600 -4400 -4300 -4100 -4000 -3900 -3900 -3900 -3800 -3800 -3900 -3900 -3900 -3900 -3900 -3900 -3800 -3700 -3500 -3400 -3200 -3100
-1500 -1500 -1500 -1700 -1800 -2000 -2100 -2300 -2600 -3000 -3300 -3600 -3900 -4200 -4400 -4800 -5100 -5400 -6000 -6300 -6500 -6800 -7200 -7500 -7800 -8200 -8500 -8700 -9200 -9300 -9600 -9800 -10000 -10200 -10300 -10400 -10500 -9999 -10500 -10400 -10200 -9900 -9700 -9300 -9000 -8300 -7900 -7600 -7300 -6900 -6600 -6300 -5900 -5600 -5200 -4900 -4700 -4600 -4400 -4300 -4200 -4100 -4100 -3900 -4100 -4100 -4100 -4200 -4200 -4200 -4100 -4000 -3900 -3700 -3500 -3300 -3200
-1600 -1600 -1700 -1800 -1900 -2100 -2300 -2500 -2700 -3100 -3400 -3700 -4000 -4200 -4500 -4800 -5200 -5500 -5800 -6400 -6700 -7000 -7300 -7600 -7900 -8200 -8500 -9000 -9100 -9400 -9700 -9800 -10000 -10200 -10400 -10500 -9999 -10600 -9999 -10500 -10300 -10100 -9800 -9600 -9200 -8700 -8400 -8000 -7700 -7400 -7000 -6700 -6300 -6000 -5500 -5300 -5100 -4900 -4700 -4600 -4400 -4400 -4300 -4400 -4300 -4400 -4500 -4400 -4500 -4400 -4300 -4200 -4100 -3900 -3600 -3400 -3300
-1700 -1800 -1800 -2000 -2100 -2200 -2400 -2600 -2800 -3300 -3500 -3800 -4100 -4300 -4600 -4900 -5200 -5800 -5900 -6200 -6600 -6900 -7200 -7600 -7900 -8200 -8500 -8800 -9100 -9500 -9600 -9900 -10100 -10200 -10400 -10500 -10600 -9999 -10600 -10500 -10400 -10200 -10000 -9800 -9500 -9200 -8700 -8400 -8100 -7800 -7400 -7000 -6700 -6300 -6000 -5600 -5400 -5200 -5000 -4800 -4700 -4600 -4600 -4600 -4600 -4700 -4600 -4800 -4800 -4800 -4600 -4500 -4300 -4100 -3700 -3500 -3300
-1800 -1900 -2000 -2100 -2200 -2400 -2500 -2700 -3100 -3400 -3600 -3900 -4100 -4400 -4700 -5000 -5300 -5600 -6200 -6500 -6800 -7100 -7400 -7600 -7900 -8200 -8500 -8800 -9300 -9400 -9600 -9900 -10100 -10300 -10400 -10500 -10600 -9999 -9999 -10600 -10500 -10400 -10200 -10000 -9700 -9500 -9100 -8800 -8500 -8200 -7800 -7400 -7000 -6600 -6300 -5900 -5700 -5500 -5200 -5100 -4900 -4800 -4900 -4900 -4800 -4800 -5000 -4900 -5100 -4900 -4800 -4700 -4500 -4300 -3800 -3700 -3400
-1900 -2000 -2100 -2200 -2300 -2500 -2700 -2800 -3000 -3500 -3700 -4000 -4200 -4500 -4800 -5100 -5400 -5700 -6000 -6300 -6700 -7000 -7300 -7700 -8000 -8300 -8600 -8900 -9100 -9400 -9600 -9900 -10100 -10300 -10400 -10600 -10600 -10700 -10700 -9999 -10600 -10500 -10300 -10100 -9900 -9700 -9400 -9200 -8900 -8500 -8100 -7700 -7300 -6900 -6600 -6200 -5900 -5700 -5500 -5300 -5200 -5200 -5000 -5100 -5100 -5000 -5200 -5100 -5300 -5300 -5100 -4900 -4700 -4400 -4100 -3700 -3300
-2100 -2100 -2200 -2300 -2500 -2600 -2800 -3000 -3200 -3400 -3800 -4100 -4300 -4600 -4900 -5100 -5400 -5700 -6000 -6600 -6700 -7000 -7300 -7600 -8000 -8300 -8600 -8900 -9100 -9400 -9600 -9900 -10100 -10300 -10400 -10600 -10700 -10700 -9999 -10700 -10700 -10600 -10400 -10300 -10100 -9900 -9700 -9400 -9200 -8800 -8400 -8000 -7600 -7200 -6800 -6500 -6200 -5900 -5700 -5500 -5400 -5400 -5200 -5300 -5200 -5200 -5400 -5300 -5400 -5400 -5300 -5200 -4900 -4500 -3800 -3500 -3200
-2200 -2300 -2300 -2400 -2600 -2700 -2900 -3100 -3300 -3500 -3900 -4200 -4400 -4700 -4900 -5200 -5500 -5800 -6100 -6400 -6900 -7200 -7400 -7700 -8000 -8300 -8600 -8900 -9100 -9400 -9600 -9900 -10100 -10300 -10400 -10600 -10700 -9999 -9999 -9999 -10700 -10600 -10600 -10400 -10300 -10100 -9900 -9600 -9300 -9000 -8600 -8200 -7800 -7400 -7200 -6600 -6400 -6200 -5900 -5700 -5600 -5600 -5500 -5400 -5400 -5400 -5500 -5500 -5500 -5500 -5400 -5300 -4900 -4500 -3700 -3400 -3100
-2300 -2400 -2400 -2600 -2700 -2800 -3000 -3200 -3400 -3600 -4000 -4300 -4500 -4700 -5000 -5300 -5500 -5800 -6100 -6400 -6800 -7100 -7500 -7700 -8000 -8300 -8600 -8800 -9300 -9400 -9600 -9900 -10100 -10200 -10400 -10600 -10700 -9999 -9999 -10800 -9999 -10700 -10600 -10500 -10400 -10200 -9900 -9700 -9400 -9100 -8700 -8300 -8000 -7600 -7400 -7100 -6600 -6400 -6100 -6000 -5900 -5700 -5600 -5600 -5500 -5500 -9999 -9999 -9999 -5500 -5400 -5200 -4800 -4400 -3600 -3200 -2900
-2400 -2500 -2500 -2700 -2800 -2900 -3100 -3300 -3500 -3700 -4100 -4200 -4600 -4800 -5100 -5300 -5600 -5900 -6200 -6700 -6800 -7100 -7400 -7700 -8000 -8300 -8600 -8800 -9100 -9500 -9700 -9900 -10000 -10200 -10400 -10500 -10600 -10700 -9999 -10800 -9999 -10700 -10700 -10500 -10400 -10300 -10100 -9900 -9600 -9300 -8800 -8400 -8100 -7800 -7500 -7200 -6800 -6600 -6400 -6200 -6000 -5900 -5800 -5700 -5600 -5600 -5600 -9999 -5500 -5400 -5300 -5000 -4700 -4300 -3500 -3100 -3000
-2500 -2600 -2600 -2800 -2900 -3100 -3200 -3400 -3600 -3800 -4200 -4400 -4700 -4900 -5100 -5400 -5600 -5900 -6200 -6500 -6800 -7100 -7400 -7700 -8000 -8300 -8500 -8800 -9100 -9300 -9600 -9800 -10000 -10200 -10400 -10500 -10600 -10700 -9999 -9999 -9999 -9999 -10700 -10600 -10500 -10300 -10100 -9900 -9700 -9400 -9000 -8500 -8200 -7900 -7600 -7400 -7100 -6700 -6500 -6300 -6200 -6000 -5900 -5800 -5700 -5700 -9999 -5600 -5500 -5400 -5200 -4900 -4600 -4200 -3800 -3100 -2900
-2700 -2700 -2800 -2900 -3000 -3200 -3300 -3500 -3700 -3900 -4300 -4500 -4600 -5000 -5200 -5400 -5700 -6000 -6200 -6600 -7000 -7100 -7400 -7700 -8000 -8300 -8500 -8800 -9200 -9400 -9600 -9800 -10000 -10100 -10300 -10400 -10500 -10600 -10700 -9999 -9999 -10700 -9999 -10600 -10400 -10300 -10100 -9900 -9500 -9200 -8900 -8600 -8300 -8000 -7800 -7500 -7100 -6900 -6700 -6500 -6300 -6200 -6000 -5900 -5900 -5800 -5700 -5600 -5500 -5400 -5200 -4900 -4600 -4200 -3500 -3200 -3000
-2800 -2800 -2900 -3000 -3100 -3300 -3400 -3600 -3800 -4000 -4300 -4600 -4800 -5000 -5300 -5500 -5800 -6000 -6300 -6600 -6900 -7100 -7400 -7700 -8000 -8200 -8500 -8700 -9000 -9200 -9400 -9700 -9900 -10100 -10200 -10400 -10500 -10600 -10700 -10700 -10700 -10700 -10600 -10500 -10400 -10300 -10100 -9900 -9700 -9400 -9000 -8700 -8400 -8200 -7900 -7700 -7400 -7000 -6800 -6700 -6500 -6300 -6200 -6100 -6000 -5800 -5700 -5600 -5500 -5300 -5100 -4900 -4600 -4200 -3600 -3400 -3200
-2900 -2900 -3000 -3100 -3200 -3400 -3500 -3700 -3900 -4100 -4300 -4700 -4900 -5100 -5300 -5500 -5800 -6100 -6300 -6600 -6900 -7100 -7400 -7700 -8000 -8200 -8400 -8700 -8900 -9300 -9500 -9700 -9900 -10000 -10200 -10300 -10400 -10500 -10600 -9999 -9999 -10600 -10600 -10500 -10400 -10200 -10100 -9900 -9700 -9300 -9200 -8800 -8500 -8300 -8000 -7800 -7400 -7200 -7000 -6800 -6600 -6500 -6300 -6200 -6100 -5900 -5800 -5700 -5500 -5400 -5200 -4900 -4600 -4300 -3800 -3500 -3400
-3000 -3000 -3100 -3200 -3400 -3500 -3600 -3800 -4000 -4300 -4500 -4600 -4900 -5100 -5400 -5600 -5800 -6100 -6300 -6600 -6900 -7100 -7500 -7700 -7900 -8200 -8400 -8700 -8900 -9100 -9300 -9600 -9800 -9900 -10100 -10200 -10300 -10400 -10500 -10600 -10600 -9999 -10500 -10400 -10300 -10200 -10100 -9900 -9700 -9400 -9100 -8900 -8600 -8400 -8100 -7900 -7500 -7300 -7100 -7000 -6800 -6600 -6400 -6300 -6200 -6000 -5800 -5700 -5600 -5400 -5200 -4900 -4700 -4400 -4100 -3700 -3500
-3100 -3100 -3200 -3300 -3500 -3600 -3700 -3900 -4100 -4400 -4600 -4800 -5000 -5200 -5400 -5600 -5900 -6100 -6400 -6600 -6900 -7100 -7400 -7600 -7900 -8100 -8400 -8600 -8800 -9200 -9400 -9500 -9700 -9900 -10000 -10100 -10200 -10400 -9999 -10500 -10500 -10500 -10400 -10400 -10300 -10200 -10000 -9900 -9700 -9400 -9200 -8900 -8700 -8500 -8300 -8000 -7800 -7400 -7300 -7100 -6900 -6700 -6600 -6400 -6300 -6200 -5900 -5800 -5600 -5400 -5200 -5000 -4800 -4500 -4100 -3900 -3700
-3200 -3200 -3300 -3400 -3500 -3700 -3800 -4000 -4100 -4300 -4700 -4800 -5000 -5200 -5500 -5700 -5900 -6100 -6400 -6800 -6900 -7100 -7400 -7700 -7900 -8100 -8300 -8600 -8800 -9100 -9300 -9500 -9600 -9800 -9900 -10000 -10100 -10300 -10400 -10400 -10400 -10400 -9999 -10300 -10200 -10100 -10000 -9700 -9600 -9400 -9200 -9000 -8800 -8600 -8300 -8100 -7900 -7600 -7400 -7200 -7000 -6900 -6700 -6600 -6400 -6100 -6000 -5800 -5700 -5500 -5300 -5100 -4900 -4600 -4300 -4100 -3900
-3300 -3300 -3400 -3500 -3600 -3800 -3900 -4100 -4200 -4400 -4600 -4900 -5100 -5300 -5500 -5700 -5900 -6100 -6400 -6800 -6900 -7100 -7300 -7600 -7800 -8100 -8300 -8500 -8700 -8900 -9200 -9400 -9600 -9700 -9800 -9900 -10100 -10200 -10300 -10300 -10300 -10300 -10300 -10200 -9999 -10100 -9900 -9800 -9600 -9400 -9200 -9000 -8800 -8600 -8400 -8200 -8000 -7700 -7500 -7300 -7100 -7000 -6800 -6700 -6500 -6400 -6100 -6000 -5800 -5600 -5400 -5200 -5000 -4800 -4600 -4300 -4100
-3400 -3400 -3500 -3600 -3700 -3800 -4000 -4100 -4300 -4500 -4800 -5000 -5100 -5300 -5500 -5700 -5900 -6200 -6400 -6600 -6900 -7100 -7300 -7600 -7800 -8000 -8200 -8500 -8800 -9000 -9100 -9300 -9500 -9600 -9700 -9800 -10000 -10100 -10200 -10200 -10200 -10200 -10200 -10100 -10100 -10000 -9900 -9800 -9500 -9400 -9200 -9000 -8800 -8600 -8400 -8300 -8100 -7800 -7600 -7400 -7300 -7100 -6900 -6800 -6600 -6500 -6200 -6100 -6000 -5700 -5500 -5300 -5100 -4900 -4700 -4500 -4300
-9999 -3500 -3600 -3700 -3800 -3900 -4100 -4200 -4400 -4500 -4700 -4900 -5200 -5400 -5600 -5800 -6000 -6200 -6400 -6600 -7000 -7200 -7400 -7600 -7800 -8000 -8200 -8400 -8700 -8900 -9100 -9200 -9400 -9500 -9600 -9700 -9800 -10000 -10000 -10100 -10100 -10100 -10100 -10100 -10000 -9900 -9800 -9700 -9500 -9400 -9200 -9000 -8900 -8700 -8500 -8300 -8100 -8000 -7800 -7500 -7300 -7200 -7000 -6900 -6700 -6600 -6300 -6100 -5900 -5800 -5600 -5400 -5200 -5100 -4900 -4600 -4500
-9999 -3500 -3600 -3700 -3900 -4000 -4100 -4300 -4400 -4600 -4900 -5100 -5200 -5400 -5600 -5800 -6000 -6200 -6400 -6600 -6800 -7100 -7300 -7500 -7700 -7900 -8100 -8300 -8500 -8800 -8900 -9100 -9300 -9400 -9500 -9600 -9700 -9800 -9900 -10000 -10000 -10000 -10000 -10000 -9900 -9800 -9700 -9600 -9400 -9300 -9200 -9000 -8900 -8700 -8500 -8400 -8200 -7900 -7700 -7600 -7400 -7300 -7100 -7000 -6800 -6600 -6500 -6200 -6000 -5900 -5700 -5500 -5400 -5200 -5000 -4800 -4600
-9999 -3600 -3700 -3800 -3900 -4100 -4200 -4300 -4500 -4700 -4800 -5000 -5300 -5400 -5600 -5800 -6000 -6200 -6500 -6600 -6800 -7000 -7300 -7500 -7700 -7900 -8100 -8300 -8400 -8700 -8800 -9000 -9100 -9300 -9400 -9500 -9600 -9700 -9800 -9900 -9900 -9900 -9900 -9900 -9800 -9700 -9700 -9500 -9400 -9300 -9200 -9000 -8900 -8700 -8500 -8400 -8200 -8000 -7900 -7600 -7500 -7300 -7200 -7000 -6900 -6700 -6500 -6300 -6100 -6000 -5800 -5600 -5500 -5300 -5100 -4900 -4700
-9999 -3700 -3800 -3900 -4000 -4100 -4300 -4400 -4500 -4700 -4900 -5100 -5300 -5500 -5600 -5800 -6000 -6200 -6400 -6600 -6800 -7000 -7300 -7400 -7600 -7800 -8000 -8200 -8300 -8500 -8800 -8900 -9000 -9200 -9300 -9400 -9500 -9600 -9700 -9700 -9800 -9800 -9800 -9700 -9700 -9700 -9600 -9500 -9300 -9200 -9100 -9000 -8800 -8700 -8500 -8400 -8200 -8100 -7800 -7700 -7500 -7400 -7200 -7100 -6900 -6800 -6500 -6400 -6200 -6000 -5900 -5700 -5600 -5400 -5300 -5100 -4900
-9999 -3800 -3900 -4000 -4100 -4200 -4300 -4500 -4600 -4800 -4900 -5200 -5300 -5500 -5700 -5800 -6000 -6200 -6400 -6600 -6900 -7100 -7200 -7400 -7600 -7800 -7900 -8100 -8300 -8400 -8700 -8800 -8900 -9100 -9200 -9300 -9400 -9500 -9500 -9600 -9600 -9700 -9700 -9600 -9600 -9600 -9500 -9400 -9300 -9200 -9100 -8900 -8800 -8700 -8500 -8400 -8200 -8100 -7900 -7700 -7600 -7400 -7300 -7100 -7000 -6800 -6700 -6400 -6300 -6100 -6000 -5800 -5700 -5500 -5400 -5200 -5000
