data/map/VenocoData/cont_maps/Projected_to_NAD83SP0404/01_BASEMENT_proj/01_rasterASCIIs/rastert_01_base_170.txt
ncols         245
nrows         245
xllcorner     1814489.1554518
yllcorner     538196.73930609
cellsize      170
NODATA_value  -9999
[rows 68 to 101 of 245, columns 77 to 153 of 245]
-9999 -7200 -9999 -6800 -9999 -6400 -5900 -9999 -5400 -9999 -5000 -9999 -4500 -9999 -4000 -9999 -3500 -3100 -9999 -2700 -9999 -2500 -9999 -2300 -9999 -2200 -2100 -9999 -2000 -9999 -1900 -9999 -1800 -9999 -1800 -1700 -9999 -1700 -1700 -9999 -9999 -1600 -9999 -1600 -9999 -9999 -9999 -9999 -1700 -9999 -1700 -9999 -9999 -1800 -9999 -9999 -9999 -1900 -9999 -1900 -9999 -9999 -2000 -9999 -9999 -9999 -9999 -9999 -9999 -9999 -9999 -9999 -9999 -9999 -9999 -9999 -9999
-7500 -7300 -7100 -6900 -6700 -6500 -6200 -6100 -5600 -5400 -5100 -4900 -4600 -4300 -4100 -3800 -3700 -3200 -3000 -2900 -2700 -2600 -9999 -2400 -2300 -2300 -2200 -9999 -2100 -9999 -2000 -9999 -1900 -9999 -1900 -1800 -9999 -9999 -9999 -1700 -9999 -1700 -9999 -1700 -1700 -9999 -1700 -9999 -9999 -9999 -1800 -9999 -1800 -9999 -9999 -1900 -9999 -9999 -9999 -2000 -9999 -2000 -9999 -9999 -2100 -9999 -2100 -9999 -2100 -9999 -2100 -2100 -9999 -2100 -9999 -9999 -9999
-9999 -7500 -9999 -7200 -9999 -6800 -9999 -6300 -5800 -9999 -5300 -9999 -4800 -9999 -4300 -9999 -3800 -3600 -3400 -3100 -3000 -2800 -2700 -2600 -2600 -2500 -2400 -2400 -2300 -9999 -2200 -2100 -2000 -2000 -2000 -1900 -1900 -1800 -9999 -1800 -9999 -1800 -1800 -1800 -1800 -1800 -1800 -9999 -1800 -9999 -9999 -9999 -1900 -1900 -9999 -9999 -9999 -2000 -9999 -9999 -9999 -2100 -2100 -9999 -9999 -9999 -9999 -9999 -9999 -9999 -9999 -9999 -9999 -9999 -9999 -2100 -9999
-7900 -7700 -7500 -7300 -7100 -7000 -6600 -6500 -6000 -5800 -5500 -5200 -4900 -4700 -4400 -4100 -3900 -3600 -9999 -3300 -9999 -3000 -9999 -2800 -9999 -2600 -2500 -9999 -2400 -9999 -2300 -9999 -2200 -9999 -2100 -2000 -9999 -1900 -9999 -1900 -9999 -1900 -9999 -9999 -9999 -9999 -1900 -9999 -1900 -9999 -1900 -9999 -9999 -2000 -9999 -2000 -9999 -2100 -9999 -2100 -9999 -9999 -2200 -9999 -2200 -9999 -2200 -9999 -2200 -9999 -2200 -2200 -9999 -2200 -9999 -9999 -9999
-8200 -8000 -7900 -7600 -7400 -7200 -6900 -6700 -6200 -6100 -5700 -5600 -5200 -5000 -4700 -4500 -4200 -3800 -3700 -3500 -3400 -3200 -3100 -3000 -2900 -2800 -2700 -2600 -2500 -2500 -2400 -9999 -2300 -2200 -2200 -2100 -9999 -2000 -2000 -2000 -9999 -9999 -9999 -1900 -1900 -9999 -9999 -9999 -2000 -9999 -2000 -9999 -2000 -2100 -9999 -2100 -9999 -9999 -9999 -2200 -9999 -2200 -9999 -9999 -9999 -9999 -9999 -9999 -9999 -9999 -9999 -9999 -9999 -9999 -9999 -2200 -9999
-9999 -8100 -9999 -7800 -9999 -7400 -9999 -6900 -6400 -9999 -5900 -9999 -5400 -9999 -4900 -9999 -4400 -4000 -9999 -3600 -9999 -3400 -9999 -3100 -9999 -2900 -2800 -9999 -2700 -9999 -2500 -9999 -2400 -9999 -2300 -2200 -9999 -2100 -9999 -2100 -9999 -2000 -9999 -2000 -2000 -9999 -2000 -9999 -9999 -9999 -2100 -9999 -2100 -9999 -9999 -2200 -9999 -2200 -9999 -9999 -9999 -2300 -2300 -9999 -2300 -9999 -2300 -9999 -2300 -9999 -2300 -9999 -2300 -9999 -9999 -9999 -9999
-8600 -8300 -8200 -8000 -7800 -7600 -7300 -7100 -6600 -6500 -6100 -5900 -5600 -5400 -5100 -4800 -4600 -4200 -4100 -3800 -3700 -3600 -3400 -3300 -3200 -3100 -3000 -2900 -2800 -2700 -2600 -9999 -2500 -2400 -2400 -2300 -9999 -2200 -2200 -2200 -9999 -2100 -9999 -2100 -2100 -9999 -2100 -9999 -2100 -9999 -2200 -9999 -2200 -2200 -9999 -9999 -9999 -2300 -9999 -2300 -9999 -9999 -2400 -9999 -2400 -9999 -2400 -9999 -2400 -9999 -9999 -9999 -9999 -2300 -2300 -2300 -9999
-9999 -8600 -9999 -8200 -9999 -7800 -9999 -7300 -6800 -9999 -6300 -9999 -5800 -9999 -5300 -9999 -4800 -4400 -9999 -4000 -9999 -3700 -9999 -3500 -9999 -3300 -3100 -9999 -2900 -9999 -2700 -9999 -2600 -9999 -2500 -2400 -9999 -2300 -9999 -2300 -9999 -2200 -9999 -2200 -2200 -9999 -2200 -9999 -2200 -9999 -9999 -9999 -2300 -2300 -9999 -2300 -9999 -2400 -9999 -2400 -9999 -2400 -9999 -9999 -9999 -9999 -9999 -9999 -9999 -9999 -2400 -9999 -2400 -2400 -9999 -9999 -9999
-8900 -8800 -8600 -8400 -8200 -8000 -7700 -7400 -7000 -6900 -6500 -6300 -5900 -5700 -5400 -5200 -4900 -4600 -4500 -4200 -4100 -3900 -3700 -3600 -3500 -3400 -3200 -3100 -3000 -2900 -2800 -9999 -2700 -2600 -2600 -2500 -9999 -2400 -9999 -2400 -9999 -2400 -2300 -2300 -2300 -9999 -2300 -9999 -2300 -2300 -2300 -9999 -2400 -2400 -9999 -2400 -2400 -2500 -9999 -2500 -9999 -2500 -9999 -2500 -2500 -9999 -2500 -9999 -2500 -9999 -2500 -9999 -9999 -9999 -9999 -2400 -9999
-9999 -9000 -9999 -8600 -9999 -8200 -9999 -7700 -7200 -9999 -6700 -9999 -6100 -9999 -5600 -9999 -5200 -4800 -9999 -4400 -9999 -4100 -9999 -3800 -9999 -3600 -3400 -9999 -3200 -9999 -3000 -9999 -2800 -9999 -2700 -2600 -9999 -2600 -9999 -2500 -9999 -2500 -9999 -2400 -2400 -9999 -2400 -9999 -2400 -9999 -2400 -2500 -2500 -2500 -9999 -2500 -9999 -9999 -2600 -2600 -9999 -2600 -9999 -2600 -2600 -9999 -2600 -9999 -2600 -9999 -9999 -9999 -2500 -2500 -9999 -9999 -9999
-9300 -9100 -9000 -8800 -8600 -8400 -8100 -7800 -7400 -7200 -6800 -6600 -6300 -6100 -5800 -5500 -5300 -5000 -4800 -4600 -4400 -4300 -4100 -3900 -3800 -3800 -3500 -3400 -3300 -3200 -3100 -3000 -2900 -9999 -2800 -2700 -9999 -2700 -2600 -2600 -9999 -2600 -2500 -2600 -2500 -9999 -2500 -9999 -2500 -9999 -2500 -9999 -2600 -9999 -2600 -2600 -9999 -2600 -9999 -2700 -9999 -2700 -9999 -2700 -2700 -9999 -2700 -9999 -9999 -9999 -2600 -9999 -2600 -9999 -9999 -2500 -9999
-9999 -9400 -9999 -9100 -9999 -8600 -9999 -8100 -7600 -9999 -7000 -9999 -6500 -9999 -6000 -9999 -5600 -5200 -9999 -4800 -9999 -4500 -9999 -4200 -9999 -3900 -3700 -3700 -3500 -3400 -3300 -3200 -3100 -3100 -3000 -2900 -2900 -2800 -9999 -2800 -9999 -2700 -9999 -2700 -2600 -9999 -2600 -9999 -2600 -9999 -2700 -9999 -2700 -9999 -2700 -2700 -9999 -2700 -9999 -2800 -9999 -2800 -9999 -2800 -2800 -9999 -2800 -9999 -2700 -9999 -2700 -9999 -9999 -2600 -2600 -9999 -9999
-9600 -9500 -9400 -9200 -9000 -8700 -8500 -8200 -7800 -7600 -7200 -7000 -6700 -6400 -6100 -5900 -5800 -5400 -5200 -5000 -4800 -4600 -4400 -4300 -4100 -4000 -3800 -9999 -3600 -9999 -3400 -9999 -3300 -9999 -3100 -3000 -9999 -3000 -9999 -2900 -9999 -2800 -9999 -2800 -2700 -2800 -2800 -9999 -2800 -9999 -2800 -9999 -2800 -9999 -2800 -2800 -9999 -2900 -9999 -2900 -9999 -2900 -9999 -2900 -2900 -9999 -9999 -9999 -2800 -9999 -2800 -9999 -2700 -9999 -9999 -2600 -9999
-9999 -9700 -9999 -9500 -9999 -9000 -8600 -8500 -8200 -7900 -7400 -7300 -6800 -6700 -6400 -6200 -5900 -5600 -5500 -5300 -5200 -4900 -4800 -4600 -4500 -4300 -4100 -4000 -3800 -3700 -3600 -3500 -3400 -9999 -3300 -3200 -9999 -3100 -9999 -3000 -3000 -3000 -9999 -2900 -2900 -2900 -2900 -9999 -2900 -9999 -2900 -9999 -2900 -9999 -2900 -2900 -9999 -3000 -9999 -3000 -9999 -3000 -9999 -3000 -3000 -9999 -2900 -9999 -2900 -9999 -9999 -2800 -2800 -2700 -2700 -9999 -9999
-9900 -9800 -9700 -9600 -9300 -9100 -8800 -8700 -8100 -9999 -7500 -9999 -7000 -9999 -6500 -9999 -6100 -5800 -9999 -5400 -9999 -5100 -9999 -4800 -9999 -4500 -4200 -9999 -4000 -9999 -3800 -9999 -3600 -9999 -3500 -3300 -9999 -3200 -9999 -3200 -9999 -3100 -9999 -3000 -9999 -3000 -3000 -9999 -3000 -9999 -3000 -9999 -3000 -9999 -3000 -3100 -9999 -3100 -9999 -3100 -9999 -3100 -9999 -3100 -3100 -9999 -3000 -9999 -3000 -9999 -2900 -9999 -2900 -2800 -9999 -2700 -9999
-10100 -10000 -9900 -9800 -9600 -9300 -9100 -8800 -8300 -8200 -7700 -7600 -7200 -7000 -6700 -6500 -6300 -6000 -5900 -5600 -5500 -5300 -5200 -5000 -4800 -4700 -4500 -4400 -4200 -4100 -4000 -3800 -3800 -3700 -3600 -3500 -3500 -3400 -9999 -3300 -9999 -3200 -9999 -3200 -9999 -3100 -3100 -3100 -3100 -9999 -3100 -9999 -3100 -9999 -3200 -3200 -9999 -3200 -9999 -3200 -9999 -3200 -9999 -3200 -3200 -9999 -3100 -3100 -3100 -9999 -3000 -9999 -2900 -9999 -2800 -2800 -9999
-9999 -10100 -9999 -9999 -9999 -9400 -9999 -8900 -8400 -9999 -7900 -9999 -7400 -9999 -6900 -9999 -6500 -6200 -9999 -5800 -9999 -5500 -9999 -5200 -9999 -4900 -4600 -9999 -4400 -9999 -4200 -9999 -4000 -9999 -3800 -9999 -3700 -3500 -9999 -3500 -9999 -3400 -9999 -3300 -9999 -3300 -3300 -9999 -3200 -9999 -3200 -9999 -3300 -9999 -3300 -3300 -9999 -3300 -9999 -3300 -9999 -3300 -9999 -3300 -3300 -9999 -3200 -9999 -3200 -9999 -3100 -9999 -3000 -2900 -9999 -9999 -9999
-10300 -10200 -10100 -9900 -9800 -9500 -9300 -9100 -8600 -8500 -8000 -7900 -7500 -7400 -7100 -6900 -6700 -6400 -6300 -6100 -5900 -5700 -5600 -5400 -5200 -5000 -4800 -4700 -4600 -4400 -4300 -4200 -4100 -4000 -3900 -3800 -3800 -3700 -3600 -3600 -3500 -3500 -9999 -3400 -9999 -3400 -3400 -9999 -3400 -9999 -3400 -9999 -3400 -9999 -3400 -3400 -9999 -3500 -3400 -3500 -9999 -3500 -3400 -3500 -3400 -9999 -3300 -9999 -3300 -3200 -3200 -3100 -3100 -3000 -9999 -2900 -9999
-9999 -10200 -9999 -10000 -9999 -9600 -9999 -9200 -8700 -9999 -8200 -9999 -7700 -9999 -7300 -9999 -7000 -6600 -9999 -6300 -9999 -5900 -9999 -5600 -9999 -5300 -9999 -5000 -4800 -9999 -4500 -9999 -4300 -9999 -4100 -9999 -4000 -3900 -9999 -3800 -9999 -3700 -9999 -3600 -9999 -3500 -3500 -9999 -3500 -9999 -3500 -9999 -3500 -9999 -3500 -3600 -9999 -3600 -9999 -3600 -9999 -3600 -9999 -3600 -3500 -9999 -3500 -9999 -3400 -9999 -3300 -9999 -3200 -3100 -9999 -3000 -2900
-9999 -10300 -10200 -10000 -9900 -9700 -9500 -9300 -9000 -8800 -8400 -8200 -7900 -7700 -7500 -7300 -7100 -6800 -6700 -6500 -6300 -6100 -5900 -5800 -5600 -5400 -5300 -5100 -5000 -4800 -4700 -4500 -4400 -4300 -4200 -4100 -4200 -4000 -3900 -3900 -3800 -3800 -3700 -3700 -9999 -3600 -3700 -9999 -3600 -9999 -3600 -9999 -3600 -9999 -3600 -3700 -9999 -3700 -9999 -3700 -9999 -3700 -9999 -3700 -3700 -9999 -3600 -9999 -3500 -9999 -3400 -9999 -9999 -3100 -9999 -3000 -9999
-9999 -10300 -9999 -10100 -9999 -9800 -9999 -9400 -9000 -9999 -8600 -9999 -8100 -9999 -7800 -9999 -7400 -6900 -7100 -6700 -9999 -6400 -9999 -6100 -9999 -5800 -9999 -5500 -5200 -9999 -4900 -9999 -4700 -9999 -4500 -9999 -4300 -4300 -4200 -4100 -9999 -4000 -9999 -3900 -9999 -3800 -3800 -9999 -3800 -9999 -3800 -9999 -3800 -9999 -3800 -3800 -9999 -3900 -9999 -3900 -9999 -3900 -9999 -3800 -3800 -9999 -3700 -9999 -3600 -3500 -3500 -3400 -3300 -3200 -9999 -3100 -3000
-10400 -10300 -10200 -10100 -10000 -9800 -9700 -9500 -9100 -9000 -8700 -8600 -8300 -8100 -7900 -7700 -7500 -7300 -7300 -6900 -6700 -6500 -6300 -6200 -6000 -6000 -5600 -5700 -5300 -5200 -5000 -4900 -4800 -4600 -4700 -4400 -4500 -4300 -9999 -4200 -9999 -4100 -9999 -4000 -9999 -4000 -3900 -9999 -3900 -9999 -3900 -9999 -3900 -9999 -3900 -4000 -9999 -4000 -9999 -4000 -9999 -4000 -9999 -4000 -3900 -9999 -3800 -9999 -3700 -9999 -9999 -9999 -3400 -9999 -9999 -3100 -9999
-9999 -9999 -9999 -10200 -9999 -9900 -9999 -9600 -9200 -9300 -8900 -9999 -8500 -9999 -8200 -9999 -7800 -7700 -7500 -7200 -7100 -6800 -6700 -6500 -6400 -6200 -6000 -5900 -5600 -5500 -5300 -5200 -5100 -5000 -4800 -4700 -4700 -4600 -4500 -4400 -9999 -4300 -4200 -4200 -9999 -4100 -4100 -9999 -4000 -9999 -4000 -9999 -4000 -9999 -4100 -4100 -9999 -4100 -9999 -4200 -9999 -4200 -9999 -4100 -4000 -4000 -3900 -3900 -3800 -3700 -3600 -3500 -3500 -3300 -3300 -3200 -3100
-10500 -10400 -10300 -10200 -10100 -10000 -9800 -9700 -9500 -9400 -9100 -8900 -8700 -8500 -8300 -8100 -7900 -9999 -7700 -7400 -9999 -7000 -9999 -6700 -9999 -6400 -9999 -6100 -5800 -9999 -5500 -9999 -5200 -9999 -5000 -9999 -4800 -4700 -9999 -4500 -9999 -4400 -9999 -4300 -9999 -4200 -4200 -9999 -4200 -9999 -4200 -9999 -4200 -9999 -4200 -4300 -9999 -4300 -9999 -4300 -9999 -4300 -9999 -4300 -4200 -9999 -4000 -9999 -3900 -9999 -3700 -9999 -9999 -9999 -9999 -3200 -9999
-9999 -10500 -10400 -10300 -10200 -10100 -10000 -9800 -9700 -9500 -9300 -9200 -8900 -8800 -8600 -8400 -8300 -8100 -7900 -7600 -7500 -7300 -7100 -6900 -6800 -6600 -6400 -6200 -6000 -5900 -5700 -5600 -5400 -5300 -5200 -5100 -4900 -4800 -9999 -4700 -4600 -4500 -4500 -4400 -4400 -4400 -4300 -4300 -4300 -9999 -4300 -9999 -4300 -9999 -4400 -4400 -9999 -4400 -9999 -4500 -9999 -4400 -9999 -4400 -4300 -4200 -4200 -4100 -4000 -3900 -3800 -3700 -3600 -3500 -3400 -3300 -3200
-9999 -9999 -9999 -9999 -9999 -9999 -9999 -9900 -9999 -9600 -9300 -9999 -9100 -9999 -8800 -9999 -8400 -9999 -8100 -7800 -9999 -7500 -9999 -7100 -9999 -6800 -9999 -6500 -6100 -9999 -5900 -9999 -5600 -9999 -5400 -9999 -5100 -5000 -9999 -4800 -9999 -4700 -9999 -4600 -9999 -4500 -4500 -9999 -4400 -9999 -4400 -9999 -4400 -9999 -4500 -4500 -9999 -4600 -9999 -4600 -9999 -4600 -9999 -4500 -4400 -9999 -4300 -9999 -4100 -9999 -3900 -9999 -9999 -9999 -9999 -9999 -9999
-10600 -10500 -10500 -10400 -10300 -10200 -10100 -10000 -9900 -9700 -9500 -9400 -9200 -9100 -8900 -8800 -8600 -8400 -8300 -8000 -7900 -7700 -7500 -7300 -7100 -7000 -6800 -6600 -6300 -6200 -6000 -5900 -5700 -5600 -5500 -5300 -5200 -5100 -5000 -5000 -4900 -4800 -9999 -4700 -9999 -4600 -4600 -9999 -4600 -9999 -4600 -9999 -4600 -9999 -4600 -4700 -9999 -4700 -9999 -4700 -9999 -4700 -9999 -4600 -4600 -4500 -4400 -4300 -4200 -4000 -3900 -3800 -3700 -3600 -3500 -3300 -3200
-9999 -9999 -9999 -9999 -9999 -10300 -9999 -10100 -9999 -9900 -9600 -9999 -9400 -9999 -9100 -9999 -8800 -9999 -8500 -8200 -9999 -7900 -9999 -7500 -9999 -7200 -9999 -6800 -6500 -9999 -6200 -9999 -5900 -9999 -5700 -9999 -5500 -5300 -9999 -5100 -9999 -5000 -9999 -4800 -9999 -4800 -4700 -9999 -4700 -9999 -4700 -9999 -4700 -9999 -4700 -4800 -9999 -4900 -9999 -4900 -9999 -4900 -9999 -4800 -4700 -9999 -4500 -4500 -4300 -4200 -4000 -3900 -3800 -3600 -3500 -3400 -3200
-9999 -10600 -9999 -10500 -10400 -10300 -10200 -10200 -10000 -10000 -9800 -9700 -9500 -9400 -9200 -9100 -9000 -8800 -8600 -8400 -8300 -8100 -7900 -7700 -7500 -7300 -7100 -6900 -6700 -6500 -6400 -6200 -6000 -5900 -5800 -5600 -5600 -5400 -5300 -5200 -5100 -5100 -5000 -4900 -9999 -4900 -4800 -9999 -4800 -9999 -4800 -9999 -4800 -4800 -4900 -4900 -9999 -4900 -9999 -5000 -9999 -5000 -4900 -4900 -4800 -4700 -4600 -9999 -4300 -9999 -9999 -9999 -9999 -9999 -9999 -9999 -9999
-9999 -9999 -9999 -9999 -9999 -10400 -9999 -9999 -9999 -10100 -9900 -9999 -9600 -9999 -9400 -9999 -9200 -9999 -8900 -8600 -9999 -8300 -9999 -7900 -9999 -7500 -9999 -7200 -6800 -9999 -6500 -9999 -6200 -9999 -6000 -9999 -5700 -5500 -9999 -5400 -9999 -5200 -9999 -5100 -9999 -5000 -5000 -9999 -4900 -9999 -4900 -9999 -4900 -5000 -5000 -5000 -5100 -5100 -9999 -5100 -9999 -5100 -5100 -5100 -5000 -4900 -4700 -4600 -4400 -4300 -4100 -4000 -3800 -3700 -3500 -3400 -3200
-10700 -9999 -9999 -10600 -10500 -10500 -10400 -10300 -10200 -10100 -10000 -9900 -9800 -9600 -9500 -9400 -9300 -9100 -9000 -8800 -8600 -8400 -8200 -8000 -7800 -7600 -7400 -7300 -7000 -6800 -6600 -6500 -6300 -6200 -6100 -5900 -5800 -5700 -5500 -5500 -9999 -5300 -5200 -5200 -5100 -5100 -5000 -9999 -5000 -9999 -5000 -9999 -5000 -9999 -5100 -5100 -9999 -5200 -9999 -5200 -9999 -5200 -9999 -5200 -9999 -5000 -4800 -9999 -9999 -9999 -9999 -9999 -9999 -9999 -9999 -3300 -9999
-9999 -10700 -9999 -9999 -9999 -9999 -9999 -10400 -9999 -10200 -10100 -9999 -9900 -9999 -9700 -9999 -9500 -9999 -9200 -8900 -9999 -8600 -9999 -8200 -9999 -7800 -7700 -7500 -7300 -7100 -6800 -6700 -6500 -6400 -6200 -6100 -6000 -5900 -5800 -5700 -5600 -5500 -5400 -5300 -5300 -5200 -5200 -9999 -5100 -9999 -5100 -9999 -5100 -5200 -5200 -5200 -9999 -5300 -9999 -5300 -9999 -5300 -5300 -5300 -5200 -5100 -4900 -4800 -4500 -4400 -4200 -4000 -3800 -3600 -3500 -3300 -3200
-9999 -9999 -10700 -9999 -10600 -10600 -10500 -10400 -10300 -10300 -10200 -10100 -10000 -9900 -9800 -9600 -9600 -9400 -9300 -9100 -8900 -8700 -8500 -8300 -8100 -7900 -9999 -7600 -7200 -9999 -6900 -9999 -6600 -9999 -6400 -9999 -6100 -5900 -9999 -5700 -9999 -5600 -9999 -5400 -9999 -5300 -5300 -9999 -5200 -9999 -5200 -9999 -5200 -9999 -5300 -9999 -5300 -5400 -9999 -5400 -9999 -5400 -9999 -9999 -9999 -5200 -4900 -9999 -9999 -9999 -9999 -9999 -9999 -9999 -9999 -3200 -9999
-9999 -9999 -9999 -10700 -9999 -9999 -10600 -10500 -9999 -10400 -10300 -10200 -10100 -10000 -9900 -9800 -9700 -9600 -9500 -9400 -9200 -9000 -8800 -8500 -8300 -8100 -7900 -7700 -7500 -7300 -7100 -7000 -6700 -6600 -6500 -6400 -6200 -6100 -6000 -5900 -5800 -5700 -5600 -5500 -5500 -5400 -5400 -9999 -5300 -9999 -5300 -9999 -5300 -9999 -9999 -5400 -5400 -9999 -9999 -5500 -9999 -9999 -9999 -5400 -5300 -5200 -5100 -4900 -4600 -4400 -4200 -4000 -3800 -3600 -3400 -3200 -3100
