data/map/VenocoData/cont_maps/Projected_to_NAD83SP0404/01_BASEMENT_proj/01_rasterASCIIs/rastert_01_base_170.txt
ncols         245
nrows         245
xllcorner     1814489.1554518
yllcorner     538196.73930609
cellsize      170
NODATA_value  -9999
[rows 102 to 135 of 245, columns 0 to 76 of 245]
-9999 -2200 -9999 -9999 -2300 -2400 -9999 -2500 -2600 -2700 -2700 -2800 -2900 -3000 -3100 -3200 -3400 -3500 -3600 -3700 -3800 -4000 -4100 -4200 -4400 -4500 -4700 -4800 -4900 -5100 -5200 -5400 -5500 -5700 -5900 -6000 -6200 -6300 -6500 -6600 -6800 -7000 -7200 -7300 -7400 -7600 -7700 -7900 -8000 -8200 -8300 -8500 -8600 -8800 -8900 -9100 -9200 -9300 -9500 -9600 -9700 -9800 -9900 -10000 -10100 -10200 -10300 -10400 -9999 -10500 -9999 -10600 -9999 -10700 -9999 -9999 -9999
-9999 -9999 -9999 -2300 -2400 -9999 -2500 -9999 -9999 -9999 -2800 -9999 -9999 -3100 -9999 -3300 -9999 -9999 -9999 -9999 -9999 -4000 -4200 -9999 -9999 -9999 -9999 -9999 -5000 -9999 -9999 -9999 -9999 -5800 -9999 -9999 -9999 -9999 -9999 -9999 -9999 -9999 -9999 -9999 -9999 -9999 -9999 -9999 -9999 -9999 -9999 -9999 -9999 -9999 -9999 -9999 -9999 -9300 -9999 -9999 -9999 -9999 -9999 -10000 -10100 -10200 -10300 -10400 -9999 -10500 -9999 -10600 -9999 -10700 -9999 -9999 -9999
-9999 -2300 -9999 -2400 -9999 -2500 -9999 -2600 -2700 -2800 -9999 -2900 -3000 -3100 -3200 -3400 -3500 -3600 -3700 -3800 -3900 -4100 -4200 -4300 -4500 -4600 -4700 -4900 -5000 -5200 -5300 -5500 -5600 -5800 -5900 -6100 -6200 -6400 -6500 -6700 -6800 -7000 -7100 -7300 -7400 -7600 -7800 -7900 -8100 -8200 -8300 -8500 -8600 -8800 -8900 -9100 -9200 -9300 -9400 -9600 -9700 -9800 -9900 -9999 -10100 -9999 -9999 -9999 -10400 -9999 -9999 -9999 -9999 -9999 -9999 -9999 -9999
-9999 -9999 -9999 -2400 -2500 -9999 -2600 -9999 -9999 -9999 -2900 -9999 -9999 -9999 -9999 -9999 -9999 -9999 -9999 -9999 -9999 -9999 -4300 -9999 -9999 -9999 -4800 -9999 -9999 -9999 -9999 -9999 -9999 -9999 -9999 -9999 -9999 -6400 -9999 -9999 -9999 -9999 -9999 -7300 -7500 -7600 -7800 -7900 -8100 -8200 -8300 -8500 -8600 -8800 -8900 -9000 -9200 -9300 -9400 -9500 -9700 -9800 -9900 -10000 -10100 -10200 -10300 -9999 -10400 -10500 -9999 -10600 -9999 -10700 -9999 -9999 -9999
-9999 -2400 -9999 -2500 -9999 -2600 -2700 -2700 -2800 -2900 -3000 -9999 -3100 -3200 -3300 -3400 -3500 -3700 -3800 -3900 -4000 -4100 -4300 -4400 -4600 -4700 -4800 -4900 -5100 -5200 -5400 -5600 -5700 -5800 -5900 -6100 -6200 -6400 -6600 -6700 -6900 -7000 -7200 -9999 -9999 -9999 -9999 -9999 -9999 -9999 -8300 -9999 -9999 -8800 -9999 -9999 -9999 -9999 -9999 -9999 -9700 -9999 -9900 -9999 -9999 -9999 -9999 -9999 -9999 -10500 -9999 -9999 -9999 -9999 -9999 -9999 -9999
-9999 -2500 -9999 -9999 -2600 -9999 -9999 -9999 -9999 -9999 -3000 -9999 -3200 -9999 -9999 -9999 -9999 -9999 -9999 -9999 -9999 -9999 -4400 -4500 -4600 -4700 -4900 -5000 -5100 -5300 -5400 -5600 -5700 -5900 -6000 -6100 -6300 -6400 -6600 -6700 -6900 -7000 -7200 -7300 -7500 -7600 -7800 -7900 -8100 -8200 -8300 -8500 -8600 -8700 -8900 -9000 -9100 -9300 -9400 -9500 -9600 -9700 -9900 -10000 -9999 -10100 -10200 -10300 -10400 -9999 -10500 -10600 -9999 -9999 -10700 -9999 -9999
-9999 -9999 -9999 -2600 -2700 -2700 -2800 -2800 -2900 -3000 -3100 -9999 -3200 -3300 -3400 -3500 -3600 -3800 -3900 -4000 -4100 -4200 -4300 -9999 -9999 -9999 -4900 -9999 -9999 -9999 -5400 -9999 -9999 -9999 -9999 -9999 -9999 -9999 -9999 -9999 -9999 -9999 -9999 -9999 -9999 -9999 -9999 -9999 -9999 -9999 -9999 -9999 -9999 -9999 -9999 -9999 -9999 -9999 -9999 -9999 -9999 -9999 -9999 -9999 -9999 -9999 -10200 -9999 -9999 -9999 -9999 -9999 -9999 -9999 -9999 -9999 -9999
-9999 -2600 -9999 -2700 -9999 -2800 -9999 -2900 -3000 -3100 -3100 -9999 -3300 -3400 -3500 -3600 -3700 -3800 -3900 -4100 -4200 -4300 -4400 -4500 -4700 -4800 -4900 -5100 -5200 -5300 -5500 -5600 -5700 -5900 -6000 -6200 -6300 -6500 -6600 -6700 -6900 -7000 -7200 -7300 -7500 -7600 -7800 -7900 -8000 -8200 -8300 -8500 -8600 -8700 -8900 -9000 -9100 -9200 -9400 -9500 -9600 -9700 -9800 -9900 -10000 -10100 -10200 -10300 -9999 -10400 -10500 -9999 -10600 -9999 -9999 -10700 -9999
-9999 -9999 -9999 -2700 -2800 -9999 -2900 -9999 -9999 -9999 -3200 -9999 -9999 -3500 -9999 -3700 -9999 -3900 -9999 -4100 -9999 -4300 -9999 -4500 -9999 -9999 -9999 -9999 -9999 -9999 -9999 -9999 -9999 -9999 -9999 -9999 -9999 -9999 -9999 -9999 -9999 -9999 -9999 -9999 -9999 -9999 -9999 -9999 -9999 -9999 -9999 -9999 -9999 -9999 -9999 -9999 -9999 -9200 -9999 -9999 -9999 -9999 -9800 -9999 -9999 -9999 -9999 -9999 -10300 -9999 -9999 -9999 -9999 -9999 -9999 -9999 -9999
-9999 -2700 -9999 -2800 -9999 -2900 -9999 -3000 -3100 -3200 -9999 -3300 -3400 -3500 -3600 -3700 -3800 -3900 -4000 -4100 -4300 -4400 -4500 -4600 -4700 -4900 -5000 -5100 -5200 -5400 -5500 -5600 -5800 -6000 -6100 -6200 -6300 -6500 -6600 -6800 -6900 -7100 -7200 -7300 -7500 -7600 -7800 -7900 -8000 -8200 -8300 -8500 -8600 -8700 -8800 -9000 -9100 -9200 -9300 -9400 -9600 -9700 -9800 -9900 -10000 -9999 -10100 -10200 -10300 -10400 -9999 -10500 -9999 -10600 -9999 -9999 -10700
-9999 -9999 -9999 -2800 -2900 -9999 -3000 -9999 -9999 -9999 -3300 -9999 -9999 -9999 -3600 -3800 -9999 -9999 -9999 -9999 -9999 -9999 -9999 -4600 -4800 -9999 -9999 -9999 -9999 -9999 -9999 -9999 -9999 -9999 -9999 -9999 -9999 -9999 -9999 -9999 -9999 -9999 -9999 -9999 -9999 -9999 -9999 -9999 -9999 -9999 -9999 -9999 -9999 -9999 -9999 -9999 -9999 -9999 -9999 -9999 -9999 -9999 -9999 -9999 -9999 -9999 -10100 -9999 -9999 -9999 -9999 -9999 -10500 -9999 -9999 -10600 -9999
-9999 -2800 -9999 -2900 -9999 -3000 -9999 -3100 -3200 -3300 -9999 -3400 -3500 -3600 -3700 -3800 -3900 -4000 -4100 -4200 -4300 -4400 -4600 -4700 -4800 -4900 -5000 -5200 -5300 -5400 -5600 -5700 -5800 -6000 -6100 -6200 -6400 -6500 -6600 -6800 -6900 -7100 -7200 -7300 -7500 -7600 -7700 -7900 -8000 -8200 -8300 -8400 -8500 -8700 -8800 -8900 -9000 -9200 -9300 -9400 -9500 -9600 -9700 -9800 -9900 -10000 -10100 -10200 -10200 -10300 -10400 -9999 -9999 -9999 -9999 -10600 -9999
-9999 -9999 -9999 -9999 -3000 -9999 -3100 -9999 -9999 -9999 -3400 -9999 -9999 -9999 -3700 -3900 -9999 -9999 -9999 -9999 -9999 -9999 -9999 -9999 -4900 -9999 -5100 -9999 -9999 -9999 -9999 -9999 -5800 -9999 -9999 -9999 -9999 -9999 -9999 -9999 -9999 -9999 -9999 -9999 -9999 -9999 -9999 -9999 -8000 -9999 -9999 -9999 -9999 -8600 -8800 -8900 -9000 -9100 -9200 -9300 -9500 -9600 -9700 -9800 -9999 -9900 -10000 -10100 -10200 -10300 -10300 -10400 -10400 -10500 -10500 -9999 -9999
-9999 -2900 -9999 -3000 -9999 -3100 -3200 -3200 -3300 -3400 -9999 -3500 -3600 -3700 -3800 -3900 -4000 -4100 -4200 -4300 -4400 -4500 -4600 -4700 -4900 -5000 -5100 -5200 -5300 -5500 -5600 -5700 -5900 -6000 -6100 -6300 -6400 -6500 -6700 -6800 -6900 -7100 -7200 -7300 -7500 -7600 -7700 -7900 -8000 -8100 -8300 -8400 -8500 -9999 -9999 -9999 -9999 -9100 -9999 -9300 -9500 -9999 -9999 -9999 -9999 -9999 -10000 -9999 -9999 -9999 -9999 -9999 -9999 -9999 -9999 -9999 -9999
-9999 -3000 -9999 -9999 -9999 -3100 -9999 -9999 -9999 -9999 -3500 -9999 -9999 -9999 -3800 -9999 -9999 -9999 -9999 -9999 -9999 -9999 -9999 -9999 -9999 -9999 -9999 -9999 -5400 -9999 -9999 -9999 -5900 -6000 -6100 -6300 -6400 -6500 -6700 -6800 -6900 -7100 -7200 -7300 -7500 -7600 -7700 -7800 -8000 -8100 -8200 -8400 -8500 -8600 -8700 -8800 -9000 -9100 -9200 -9300 -9400 -9500 -9600 -9700 -9800 -9900 -9999 -10000 -10100 -10200 -9999 -10300 -9999 -10400 -9999 -10500 -10500
-9999 -9999 -9999 -3100 -9999 -3200 -3300 -3300 -3400 -9999 -3500 -3600 -3700 -3800 -3900 -4000 -4100 -4200 -4300 -4400 -4500 -4600 -4700 -4800 -4900 -5000 -5200 -5300 -5400 -5500 -5600 -5800 -9999 -9999 -9999 -9999 -9999 -9999 -9999 -9999 -9999 -9999 -9999 -9999 -7500 -9999 -9999 -9999 -9999 -9999 -9999 -8400 -9999 -9999 -9999 -9999 -9999 -9999 -9999 -9999 -9999 -9999 -9600 -9999 -9999 -9999 -9900 -9999 -9999 -9999 -9999 -10300 -9999 -9999 -9999 -9999 -9999
-9999 -3100 -9999 -9999 -9999 -3200 -9999 -9999 -9999 -9999 -3600 -9999 -3800 -3900 -3900 -4000 -4100 -4200 -4300 -4400 -4500 -4600 -4800 -4800 -5000 -5100 -5200 -5300 -5400 -5600 -5700 -5800 -5900 -6100 -6200 -6300 -6400 -6600 -6700 -6800 -6900 -7100 -7200 -7300 -7400 -7600 -7700 -7800 -7900 -8100 -8200 -8300 -8400 -8600 -8700 -8800 -8900 -9000 -9100 -9200 -9300 -9400 -9500 -9600 -9700 -9800 -9900 -9999 -10000 -10100 -9999 -10200 -9999 -10300 -9999 -10400 -9999
-9999 -9999 -9999 -3200 -9999 -3300 -3400 -3400 -3500 -9999 -3600 -3700 -9999 -9999 -9999 -4100 -9999 -9999 -9999 -9999 -9999 -9999 -9999 -9999 -9999 -9999 -9999 -9999 -9999 -9999 -9999 -9999 -5900 -9999 -9999 -9999 -9999 -9999 -9999 -9999 -9999 -9999 -9999 -9999 -9999 -9999 -7700 -9999 -9999 -9999 -9999 -9999 -9999 -9999 -9999 -9999 -9999 -9999 -9999 -9999 -9999 -9999 -9999 -9999 -9700 -9999 -9999 -9999 -9999 -9999 -10100 -10200 -9999 -10300 -9999 -9999 -9999
-9999 -3200 -9999 -9999 -3300 -3300 -3400 -3500 -9999 -3600 -3700 -3800 -3800 -3900 -4000 -4100 -4200 -4300 -4400 -4500 -4600 -4700 -4800 -4900 -5000 -5100 -5200 -5400 -5500 -5600 -5700 -5800 -5900 -6100 -6200 -6300 -6400 -6600 -6700 -6800 -6900 -7100 -7200 -7300 -7400 -7600 -7700 -7800 -7900 -8000 -8200 -8300 -8400 -8500 -8600 -8700 -8800 -9000 -9100 -9200 -9300 -9300 -9500 -9999 -9600 -9700 -9800 -9900 -9999 -10000 -10100 -9999 -10200 -9999 -9999 -10300 -9999
-9999 -9999 -9999 -3300 -9999 -9999 -9999 -9999 -3600 -9999 -9999 -9999 -9999 -9999 -4000 -9999 -9999 -9999 -9999 -9999 -9999 -4700 -9999 -4900 -5100 -9999 -5300 -9999 -5500 -9999 -9999 -9999 -9999 -9999 -9999 -9999 -9999 -9999 -9999 -9999 -9999 -9999 -9999 -9999 -9999 -9999 -9999 -9999 -7900 -9999 -8100 -9999 -9999 -9999 -9999 -9999 -9999 -8900 -9999 -9100 -9999 -9999 -9999 -9999 -9600 -9999 -9999 -9999 -9900 -9999 -10000 -10100 -9999 -10200 -9999 -9999 -9999
-9999 -3300 -9999 -9999 -3400 -3400 -3500 -3600 -9999 -3700 -3800 -9999 -3900 -4000 -4100 -4200 -4300 -4400 -4500 -4600 -4700 -4800 -4900 -5000 -5100 -5200 -5300 -5400 -5500 -5600 -5700 -5900 -6000 -6100 -6200 -6300 -6400 -6600 -6700 -6800 -6900 -7000 -7200 -7300 -7400 -7500 -7600 -7800 -7900 -8000 -8100 -8200 -8300 -8500 -8600 -8700 -8800 -8900 -9000 -9100 -9200 -9300 -9400 -9500 -9600 -9999 -9700 -9800 -9999 -9900 -10000 -9999 -10100 -9999 -10200 -10200 -9999
-9999 -3300 -9999 -3400 -9999 -9999 -9999 -9999 -3700 -9999 -3800 -9999 -9999 -9999 -4100 -9999 -9999 -9999 -9999 -4600 -9999 -9999 -9999 -9999 -9999 -9999 -9999 -9999 -9999 -9999 -9999 -9999 -9999 -9999 -9999 -9999 -9999 -9999 -9999 -9999 -9999 -9999 -9999 -9999 -9999 -9999 -9999 -9999 -9999 -9999 -9999 -9999 -9999 -9999 -9999 -9999 -9999 -9999 -9999 -9999 -9999 -9200 -9300 -9400 -9500 -9999 -9600 -9700 -9800 -9999 -9900 -10000 -10000 -10100 -10100 -9999 -9999
-9999 -9999 -3400 -9999 -3500 -3500 -3600 -9999 -3700 -3800 -9999 -3900 -4000 -4100 -4200 -4300 -4300 -4400 -4500 -4600 -4700 -4800 -4900 -5000 -5100 -5200 -5300 -5400 -5500 -5700 -5800 -5900 -6000 -6100 -6200 -6300 -6500 -6600 -6700 -6800 -6900 -7000 -7200 -7300 -7400 -7500 -7600 -7700 -7900 -8000 -8100 -8200 -8300 -8400 -8500 -8600 -8700 -8800 -8900 -9000 -9100 -9200 -9300 -9999 -9999 -9999 -9600 -9999 -9999 -9999 -9999 -9999 -9999 -9999 -9999 -10100 -9999
-9999 -3400 -9999 -9999 -9999 -9999 -9999 -9999 -9999 -9999 -3900 -9999 -9999 -9999 -9999 -9999 -9999 -4500 -9999 -9999 -9999 -9999 -9999 -5000 -5200 -9999 -9999 -9999 -9999 -9999 -9999 -9999 -9999 -9999 -9999 -9999 -9999 -9999 -9999 -9999 -9999 -7000 -7100 -7300 -7400 -7500 -7600 -7700 -7800 -7900 -8000 -8100 -8200 -8400 -8500 -8600 -8700 -8800 -8900 -9000 -9999 -9100 -9200 -9300 -9400 -9500 -9999 -9600 -9700 -9999 -9800 -9900 -9900 -10000 -10000 -9999 -9999
-9999 -9999 -9999 -3500 -9999 -3600 -3700 -3700 -3800 -9999 -3900 -4000 -4100 -9999 -4200 -4300 -4400 -4500 -4600 -4700 -4800 -4900 -5000 -5100 -5200 -5300 -5400 -5500 -5600 -5700 -5800 -5900 -6000 -6100 -6200 -6300 -6500 -6600 -6700 -6800 -6900 -7000 -9999 -7200 -7400 -9999 -7600 -9999 -7800 -9999 -8000 -9999 -9999 -9999 -9999 -9999 -9999 -9999 -9999 -8900 -9999 -9999 -9999 -9999 -9999 -9999 -9500 -9999 -9999 -9999 -9999 -9999 -9999 -9999 -9999 -10000 -9999
-9999 -3500 -9999 -9999 -9999 -9999 -9999 -9999 -9999 -9999 -9999 -9999 -4100 -9999 -9999 -4400 -9999 -9999 -9999 -9999 -9999 -9999 -5000 -5100 -5200 -5300 -5400 -5500 -5600 -5700 -5800 -5900 -6000 -6100 -6200 -6400 -6500 -6600 -6700 -6800 -6900 -7000 -7100 -7200 -7300 -7400 -7600 -7700 -7800 -7900 -8000 -8100 -8200 -8300 -8400 -8500 -8600 -8700 -8800 -8900 -9000 -9999 -9100 -9200 -9300 -9400 -9999 -9500 -9600 -9999 -9700 -9800 -9800 -9900 -9900 -9999 -9999
-9999 -9999 -9999 -3600 -9999 -3700 -9999 -3800 -3900 -3900 -4000 -4100 -9999 -4200 -4300 -4400 -4500 -9999 -4600 -4700 -4800 -4900 -9999 -9999 -9999 -9999 -9999 -9999 -9999 -9999 -9999 -9999 -6000 -9999 -9999 -9999 -9999 -9999 -9999 -9999 -9999 -9999 -9999 -9999 -9999 -9999 -9999 -9999 -9999 -9999 -9999 -9999 -9999 -8300 -9999 -8500 -9999 -9999 -9999 -9999 -9999 -9000 -9999 -9999 -9999 -9999 -9400 -9999 -9999 -9999 -9999 -9999 -9999 -9800 -9999 -9900 -9999
-9999 -3600 -9999 -9999 -3700 -3700 -3800 -9999 -3900 -4000 -9999 -4100 -4200 -4300 -4300 -4400 -4500 -4600 -4700 -4800 -4900 -5000 -9999 -5100 -5200 -5300 -5400 -5500 -5600 -5700 -5800 -5900 -6000 -6100 -6200 -6400 -6500 -6600 -6700 -6800 -6900 -7000 -7100 -7200 -7300 -7400 -7500 -7600 -7700 -7800 -7900 -8000 -8100 -8200 -8300 -8400 -8500 -8600 -8700 -8800 -8900 -9000 -9100 -9100 -9200 -9300 -9999 -9400 -9500 -9999 -9600 -9700 -9700 -9999 -9800 -9999 -9999
-9999 -9999 -9999 -9999 -9999 -9999 -9999 -9999 -9999 -9999 -9999 -9999 -4200 -9999 -9999 -4500 -9999 -9999 -9999 -4800 -9999 -9999 -9999 -9999 -5300 -9999 -9999 -9999 -9999 -9999 -9999 -9999 -9999 -9999 -9999 -9999 -9999 -9999 -9999 -9999 -9999 -9999 -9999 -9999 -9999 -9999 -9999 -9999 -7700 -9999 -9999 -9999 -9999 -9999 -9999 -8400 -9999 -9999 -9999 -9999 -9999 -8900 -9999 -9999 -9200 -9999 -9300 -9999 -9400 -9999 -9999 -9600 -9999 -9700 -9999 -9800 -9999
-9999 -9999 -3700 -3700 -3800 -3800 -3900 -9999 -4000 -9999 -4100 -4200 -9999 -4300 -4400 -4500 -4600 -9999 -4700 -4800 -4900 -5000 -5100 -5200 -5300 -5400 -5500 -5600 -5700 -5800 -5900 -6000 -6100 -6200 -6300 -6400 -6500 -6600 -6700 -6800 -6900 -7000 -7100 -7200 -7300 -7400 -7500 -7600 -7700 -7800 -7900 -8000 -8100 -8200 -8300 -8400 -9999 -8500 -8600 -8700 -8800 -8900 -9000 -9999 -9100 -9200 -9999 -9300 -9400 -9999 -9500 -9999 -9600 -9999 -9700 -9700 -9999
-9999 -3700 -9999 -9999 -9999 -9999 -9999 -9999 -9999 -9999 -9999 -9999 -9999 -9999 -4400 -9999 -9999 -4700 -9999 -9999 -9999 -5000 -9999 -9999 -9999 -9999 -5500 -9999 -9999 -9999 -9999 -9999 -9999 -9999 -9999 -9999 -9999 -9999 -9999 -9999 -9999 -9999 -9999 -9999 -7300 -9999 -9999 -9999 -9999 -9999 -9999 -9999 -8000 -9999 -9999 -9999 -9999 -8500 -9999 -9999 -9999 -8800 -9999 -9999 -9999 -9999 -9200 -9999 -9300 -9999 -9400 -9500 -9500 -9600 -9600 -9999 -9999
-9999 -9999 -9999 -3800 -9999 -3900 -9999 -4000 -9999 -4100 -4200 -9999 -4300 -4400 -4500 -9999 -4600 -4700 -4800 -4900 -9999 -5000 -5100 -5200 -5300 -5400 -5500 -5600 -5700 -5800 -5900 -6000 -6100 -6200 -6300 -6400 -6500 -9999 -6600 -6700 -6800 -6900 -7000 -7100 -7200 -7300 -7400 -7500 -7600 -7700 -7800 -7900 -8000 -8100 -8200 -8300 -8400 -8500 -9999 -8600 -8700 -8800 -8900 -9999 -9000 -9100 -9999 -9200 -9300 -9999 -9400 -9999 -9999 -9500 -9999 -9600 -9999
-9999 -9999 -9999 -9999 -9999 -3900 -4000 -9999 -4100 -9999 -4200 -9999 -9999 -9999 -9999 -9999 -4600 -9999 -9999 -4900 -9999 -9999 -9999 -5200 -9999 -9999 -9999 -9999 -9999 -9999 -9999 -9999 -9999 -9999 -9999 -9999 -9999 -9999 -9999 -9999 -9999 -9999 -9999 -9999 -9999 -9999 -9999 -9999 -7600 -9999 -9999 -7900 -8000 -8100 -8100 -8200 -8300 -8400 -8500 -9999 -8600 -8700 -8800 -9999 -8900 -9000 -9100 -9100 -9200 -9999 -9300 -9400 -9400 -9999 -9999 -9500 -9999
-9999 -3800 -9999 -9999 -3900 -9999 -4000 -9999 -4100 -4200 -9999 -4300 -4400 -9999 -4500 -4600 -4700 -9999 -4800 -4900 -5000 -5100 -9999 -5200 -5300 -5400 -5500 -5600 -5700 -5800 -5900 -6000 -6100 -6200 -9999 -6300 -6400 -6500 -6600 -6700 -6800 -6900 -7000 -7100 -7200 -7300 -7400 -7500 -7600 -7700 -7800 -9999 -7900 -9999 -9999 -8200 -9999 -9999 -9999 -8500 -9999 -9999 -8800 -9999 -8900 -9999 -9999 -9999 -9999 -9999 -9999 -9999 -9999 -9400 -9999 -9500 -9999
