data/map/VenocoData/cont_maps/Projected_to_NAD83SP0404/01_BASEMENT_proj/01_rasterASCIIs/rastert_01_base2.txt
ncols         123
nrows         123
xllcorner     1814404.1554518
yllcorner     538111.73930609
cellsize      340
NODATA_value  -9999
[rows 0 to 33 of 123, columns 0 to 76 of 123]
-9999 -9999 -9999 -9999 -9999 -9999 -9999 -9999 -9999 -9999 -9999 -9999 -9999 -9999 -9999 -9999 -9999 -9999 -9999 -9999 -9999 -9999 -9999 -9999 -9999 -9999 -9999 -9999 -9999 -9999 -9999 -9999 -9999 -9999 -9999 -9999 -9999 -9999 -9999 -9999 -9999 -9999 -9999 -9999 -9999 -9999 -9999 -9999 -9999 -9999 -9999 -9999 -9999 -9999 -9999 -9999 -9999 -9999 -9999 -9999 -9999 -9999 -9999 -9999 -9999 -9999 -9999 -9999 -9999 -9999 -9999 -9999 -9999 -9999 -9999 -9999 -9999
-9999 -1100 -9999 -9999 -1200 -9999 -9999 -1300 -9999 -1400 -9999 -1500 -9999 -1600 -9999 -1700 -9999 -1800 -9999 -9999 -1900 -9999 -9999 -2000 -2000 -2000 -9999 -9999 -2000 -2000 -2000 -9999 -9999 -1900 -9999 -9999 -1800 -9999 -1700 -9999 -9999 -1600 -9999 -1500 -9999 -9999 -1400 -9999 -9999 -1300 -9999 -9999 -1200 -9999 -9999 -1100 -9999 -9999 -9999 -1000 -9999 -9999 -9999 -9999 -9999 -900 -900 -9999 -9999 -9999 -9999 -9999 -9999 -9999 -9999 -9999 -9999
-9999 -1100 -9999 -9999 -1200 -9999 -9999 -1300 -9999 -1400 -9999 -1500 -9999 -1600 -1700 -1700 -1800 -1800 -9999 -1900 -9999 -2000 -2000 -2000 -9999 -9999 -2100 -2100 -9999 -9999 -2000 -2000 -2000 -1900 -1900 -9999 -1800 -9999 -1700 -1700 -9999 -1600 -9999 -9999 -1500 -9999 -1400 -9999 -9999 -1300 -9999 -9999 -1200 -9999 -9999 -1100 -9999 -9999 -9999 -1000 -9999 -9999 -9999 -9999 -9999 -900 -9999 -9999 -9999 -9999 -9999 -9999 -9999 -9999 -9999 -9999 -9999
-9999 -9999 -1100 -9999 -1200 -9999 -9999 -1300 -9999 -1400 -1500 -9999 -1600 -1700 -1700 -1800 -1800 -1900 -1900 -2000 -2000 -9999 -2100 -2100 -2100 -2100 -9999 -9999 -2100 -2100 -2100 -2100 -2000 -2000 -9999 -1900 -9999 -1800 -9999 -1700 -9999 -1600 -1600 -9999 -1500 -9999 -9999 -1400 -9999 -1300 -1300 -9999 -1200 -9999 -9999 -1100 -9999 -9999 -9999 -1000 -9999 -9999 -9999 -9999 -900 -9999 -9999 -9999 -9999 -9999 -9999 -9999 -9999 -9999 -9999 -9999 -9999
-9999 -9999 -1100 -9999 -9999 -1200 -9999 -1300 -1400 -9999 -1500 -9999 -1600 -1700 -1800 -1800 -1900 -1900 -2000 -2000 -2100 -2100 -9999 -2200 -2200 -2200 -2200 -2200 -2200 -2200 -2200 -2100 -2100 -2100 -2000 -2000 -1900 -9999 -1800 -9999 -1700 -9999 -1600 -9999 -9999 -1500 -9999 -1400 -9999 -9999 -1300 -9999 -1200 -9999 -9999 -1100 -9999 -9999 -1000 -9999 -9999 -9999 -9999 -900 -9999 -9999 -9999 -9999 -9999 -9999 -9999 -9999 -9999 -9999 -9999 -9999 -9999
-9999 -9999 -1100 -9999 -9999 -1200 -1300 -9999 -1400 -9999 -1500 -1600 -9999 -1700 -1800 -1900 -1900 -2000 -2100 -2100 -2200 -2200 -2200 -2300 -2300 -2300 -2300 -2300 -2300 -2300 -2300 -2200 -2200 -2100 -2100 -2000 -2000 -1900 -9999 -1800 -9999 -1700 -9999 -1600 -9999 -1500 -9999 -9999 -1400 -9999 -1300 -9999 -9999 -1200 -9999 -1100 -9999 -9999 -1000 -9999 -9999 -9999 -9999 -900 -9999 -9999 -9999 -9999 -9999 -9999 -9999 -9999 -9999 -9999 -9999 -9999 -9999
-9999 -9999 -9999 -1100 -9999 -1200 -1300 -9999 -1400 -1500 -1600 -1600 -1700 -1800 -1800 -1900 -2000 -2100 -2100 -2200 -2200 -2300 -2300 -2400 -2400 -2400 -2400 -2400 -2400 -2400 -2400 -2300 -2300 -2200 -2100 -2100 -2000 -9999 -1900 -9999 -1800 -1700 -1700 -1600 -1600 -9999 -1500 -9999 -1400 -9999 -9999 -1300 -9999 -1200 -9999 -1100 -9999 -9999 -1000 -9999 -9999 -9999 -900 -9999 -9999 -9999 -9999 -9999 -9999 -9999 -9999 -9999 -9999 -9999 -9999 -9999 -9999
-9999 -9999 -9999 -1100 -9999 -1200 -1300 -9999 -1400 -1500 -1600 -1700 -1800 -1800 -1900 -2000 -2100 -2200 -2200 -2300 -2300 -2400 -2400 -2500 -2500 -2600 -2600 -2600 -2500 -2500 -2500 -2400 -2400 -2300 -2200 -9999 -2100 -2000 -9999 -1900 -1800 -1800 -1700 -9999 -1600 -9999 -9999 -1500 -9999 -1400 -9999 -1300 -9999 -1200 -9999 -1100 -9999 -9999 -1000 -9999 -9999 -9999 -900 -9999 -9999 -9999 -9999 -9999 -9999 -9999 -9999 -9999 -9999 -9999 -9999 -9999 -9999
-1000 -9999 -9999 -1100 -9999 -1200 -1300 -1400 -9999 -1500 -1600 -1700 -1800 -1900 -2000 -2100 -2200 -9999 -2300 -2400 -2500 -2500 -2600 -2600 -2700 -2700 -2700 -2700 -2700 -2600 -2600 -2500 -2500 -2400 -2300 -2200 -9999 -2100 -2000 -1900 -1900 -1800 -1800 -1700 -9999 -1600 -9999 -1500 -9999 -1400 -1400 -1300 -9999 -1200 -9999 -1100 -9999 -9999 -1000 -9999 -9999 -9999 -900 -9999 -9999 -9999 -9999 -9999 -9999 -9999 -9999 -9999 -9999 -9999 -9999 -9999 -9999
-9999 -1000 -9999 -1100 -9999 -1200 -1300 -1400 -1500 -1600 -1700 -1800 -1800 -1900 -2100 -2200 -2200 -2300 -2400 -2500 -2600 -2600 -2700 -2700 -2800 -2800 -2800 -2800 -2800 -2800 -2700 -2700 -2600 -2500 -2400 -2300 -2200 -2100 -9999 -2000 -1900 -1900 -1800 -9999 -1700 -9999 -1600 -9999 -1500 -9999 -1400 -9999 -1300 -1200 -9999 -1100 -9999 -9999 -1000 -9999 -9999 -900 -9999 -9999 -9999 -9999 -9999 -9999 -9999 -9999 -9999 -9999 -9999 -9999 -9999 -9999 -9999
-9999 -1000 -9999 -1100 -1200 -9999 -1300 -1400 -1500 -1600 -1700 -1800 -1900 -2000 -2100 -2200 -2300 -2400 -2500 -2600 -2700 -2800 -2800 -2900 -2900 -3000 -3000 -3000 -2900 -2900 -2800 -2800 -2700 -2600 -2500 -2400 -2300 -2200 -2100 -2000 -2000 -1900 -1900 -1800 -9999 -1700 -9999 -1600 -9999 -1500 -1400 -1400 -1300 -9999 -1200 -1100 -9999 -9999 -1000 -9999 -9999 -900 -9999 -9999 -9999 -9999 -9999 -9999 -9999 -9999 -9999 -9999 -9999 -9999 -9999 -9999 -900
-9999 -1000 -9999 -1100 -1200 -9999 -1300 -1400 -1500 -1600 -1700 -1800 -1900 -2000 -2200 -2300 -2400 -2500 -2600 -2700 -2800 -2900 -2900 -3000 -3100 -3100 -3100 -3100 -3100 -3000 -3000 -2900 -2800 -2700 -2600 -2500 -2400 -2300 -2200 -2100 -2000 -2000 -1900 -9999 -1800 -9999 -1700 -9999 -1600 -1500 -9999 -1400 -1300 -9999 -1200 -9999 -1100 -9999 -1000 -9999 -9999 -900 -9999 -9999 -9999 -9999 -9999 -9999 -9999 -9999 -9999 -9999 -9999 -9999 -9999 -900 -9999
-9999 -1000 -9999 -1100 -1200 -1300 -9999 -1400 -1500 -1700 -1800 -1900 -2000 -2100 -2200 -2400 -2500 -2600 -2700 -2800 -2900 -3000 -3100 -3200 -3200 -3200 -3300 -3300 -3200 -3200 -3100 -3000 -3000 -2800 -2700 -2600 -2500 -2400 -2300 -2200 -2100 -2000 -2000 -1900 -9999 -1800 -9999 -1700 -1600 -1600 -1500 -1400 -1300 -1300 -1200 -9999 -1100 -9999 -1000 -9999 -9999 -900 -9999 -9999 -9999 -9999 -9999 -9999 -9999 -9999 -9999 -9999 -9999 -9999 -900 -9999 -9999
-9999 -1000 -9999 -1100 -1200 -1300 -1400 -1500 -1600 -1700 -1800 -1900 -2000 -2200 -2300 -2500 -2600 -2700 -2800 -2900 -3000 -3100 -3200 -3300 -3400 -3500 -3500 -3500 -3400 -3300 -3400 -3200 -3100 -3000 -2800 -2700 -2600 -2500 -2400 -2300 -2200 -2100 -2100 -2000 -1900 -1900 -1800 -1800 -1700 -1600 -1500 -1400 -1400 -1300 -1200 -9999 -1100 -9999 -1000 -9999 -9999 -900 -9999 -9999 -9999 -9999 -9999 -9999 -9999 -9999 -9999 -9999 -900 -900 -9999 -9999 -9999
-9999 -1000 -9999 -1100 -1200 -1300 -1400 -1500 -1600 -1700 -1800 -2000 -2100 -2200 -2400 -2500 -2700 -2800 -2900 -3000 -3100 -3200 -3300 -3400 -3500 -3500 -3700 -3700 -3500 -3600 -3600 -3500 -3400 -3300 -3000 -2800 -2700 -2600 -2500 -2400 -2300 -2200 -2200 -2100 -2000 -2000 -1900 -1800 -9999 -1700 -1600 -1500 -1400 -1300 -1200 -9999 -1100 -9999 -1000 -9999 -9999 -900 -9999 -9999 -9999 -9999 -9999 -9999 -9999 -9999 -9999 -900 -9999 -9999 -9999 -9999 -9999
-9999 -1000 -9999 -1100 -1200 -1300 -1400 -1500 -1600 -1700 -1900 -2000 -2100 -2300 -2400 -2600 -2800 -2900 -3000 -3200 -3300 -3500 -3600 -3600 -3700 -3800 -3700 -3900 -3700 -3800 -3800 -3700 -3600 -3500 -3200 -3100 -2900 -2700 -2600 -2500 -2400 -2300 -2300 -2200 -2100 -2000 -2000 -1900 -1800 -1700 -1600 -1500 -1400 -1300 -1200 -9999 -1100 -9999 -1000 -9999 -900 -9999 -9999 -9999 -9999 -9999 -9999 -9999 -9999 -9999 -900 -9999 -9999 -9999 -9999 -9999 -1000
-9999 -9999 -1000 -1100 -1200 -1300 -1400 -1500 -1600 -1800 -1900 -2100 -2200 -2400 -2500 -2700 -2900 -3100 -3200 -3400 -3500 -3600 -3700 -3800 -3900 -4000 -4100 -4100 -4100 -4100 -4000 -3900 -3800 -3600 -3400 -3200 -3100 -2900 -2800 -2600 -2500 -2400 -2400 -2300 -2200 -2100 -2000 -1900 -1800 -1700 -1600 -1500 -1400 -1300 -1200 -9999 -1100 -1000 -9999 -9999 -900 -9999 -9999 -9999 -9999 -9999 -9999 -9999 -9999 -900 -9999 -9999 -9999 -9999 -1000 -1000 -9999
-9999 -9999 -1000 -1100 -1200 -1300 -1400 -1500 -1700 -1800 -2000 -2100 -2300 -2400 -2600 -2900 -3000 -3200 -3300 -3500 -3600 -3800 -3900 -4000 -4100 -4200 -4300 -4300 -4300 -4300 -4200 -4100 -4000 -3800 -3700 -3500 -3300 -3100 -3000 -2800 -2700 -2600 -2500 -2400 -2300 -2200 -2100 -2000 -1900 -1700 -1600 -1500 -1400 -1300 -1200 -9999 -1100 -1000 -9999 -9999 -900 -9999 -9999 -9999 -9999 -9999 -9999 -900 -900 -9999 -9999 -9999 -9999 -1000 -1000 -9999 -9999
-9999 -9999 -1000 -1100 -1200 -1300 -1400 -1600 -1700 -1800 -2000 -2200 -2300 -2500 -2700 -3000 -3100 -3300 -3400 -3600 -3800 -3900 -4100 -4200 -4300 -4400 -4500 -4600 -4600 -4500 -4500 -4400 -4300 -4100 -3900 -3800 -3600 -3400 -3200 -3000 -2900 -2700 -2600 -2500 -2300 -2200 -2100 -2000 -1900 -1800 -1600 -1500 -1400 -1300 -1200 -1100 -9999 -1000 -9999 -9999 -900 -9999 -9999 -9999 -9999 -9999 -900 -9999 -9999 -9999 -9999 -1000 -1000 -9999 -9999 -9999 -9999
-900 -9999 -1000 -1100 -1200 -1300 -1500 -1600 -1700 -1900 -2000 -2200 -2400 -2600 -2700 -3100 -3200 -3400 -3600 -3700 -3900 -4100 -4200 -4400 -4500 -4600 -4700 -4800 -4900 -4900 -4700 -4600 -4500 -4400 -4200 -4100 -3900 -3600 -3400 -3200 -3100 -2900 -2700 -2600 -2400 -2300 -2100 -2000 -1900 -1800 -1600 -1500 -1400 -1300 -1200 -1100 -9999 -1000 -9999 -9999 -900 -900 -9999 -9999 -900 -900 -9999 -9999 -9999 -9999 -1000 -1000 -9999 -9999 -1100 -1100 -1100
-9999 -900 -1000 -1100 -1200 -1300 -1400 -1600 -1800 -1900 -2100 -2200 -2400 -2600 -2800 -3000 -3200 -3500 -3700 -3900 -4000 -4200 -4400 -4600 -4700 -4800 -4900 -5000 -5100 -5100 -5000 -4900 -4800 -4700 -4500 -4300 -4100 -3900 -3700 -3500 -3300 -3100 -2900 -2700 -2400 -2300 -2200 -2000 -1900 -1800 -1600 -1500 -1400 -1300 -1200 -1100 -9999 -1000 -9999 -9999 -9999 -900 -900 -900 -900 -9999 -9999 -9999 -9999 -1000 -9999 -9999 -1100 -1100 -1100 -9999 -9999
-9999 -900 -1000 -1100 -1200 -1300 -1400 -1600 -1700 -1900 -2100 -2300 -2500 -2700 -2900 -3100 -3300 -3600 -3800 -4000 -4200 -4400 -4600 -4700 -4900 -5000 -5100 -5200 -5400 -5300 -5300 -5200 -5100 -5000 -4800 -4600 -4400 -4200 -3900 -3700 -3500 -3200 -3100 -2700 -2500 -2400 -2200 -2100 -1900 -1800 -1600 -1500 -1400 -1300 -1200 -1100 -9999 -1000 -9999 -9999 -9999 -900 -9999 -9999 -9999 -9999 -9999 -1000 -1000 -9999 -9999 -1100 -9999 -9999 -9999 -1200 -1200
-9999 -900 -1000 -1100 -1200 -1300 -1400 -1600 -1800 -2000 -2100 -2300 -2500 -2700 -3000 -3200 -3400 -3800 -4000 -4200 -4300 -4500 -4700 -5000 -5100 -5300 -5400 -5500 -5700 -5800 -5800 -5500 -5400 -5300 -5200 -5000 -4700 -4500 -4200 -3900 -3700 -3400 -3200 -2800 -2600 -2400 -2300 -2100 -1900 -1800 -1600 -1500 -1300 -1200 -1200 -1100 -9999 -1000 -9999 -9999 -9999 -9999 -9999 -9999 -9999 -9999 -1000 -1000 -9999 -1100 -1100 -1100 -9999 -1200 -1200 -9999 -9999
-9999 -900 -1000 -1100 -1200 -1300 -1400 -1600 -1800 -1900 -2200 -2400 -2600 -2800 -3000 -3200 -3500 -3900 -4100 -4300 -4500 -4700 -4900 -5100 -5300 -5500 -5600 -5700 -5800 -6100 -6100 -6100 -5800 -5900 -5500 -5300 -5000 -4700 -4500 -4200 -3900 -3600 -3400 -3100 -2700 -2500 -2300 -2100 -1900 -1800 -1600 -1500 -1300 -1200 -9999 -1100 -9999 -1000 -9999 -9999 -9999 -9999 -9999 -9999 -9999 -1000 -9999 -9999 -1100 -1100 -9999 -1200 -1200 -9999 -9999 -1300 -1300
-800 -9999 -900 -1000 -1100 -1300 -1400 -1600 -1800 -2000 -2200 -2400 -2600 -2800 -3100 -3300 -3600 -4000 -4200 -4400 -4600 -4800 -5000 -5200 -5500 -5700 -5800 -6000 -6300 -6100 -6400 -6400 -6400 -6300 -6100 -5600 -5300 -5000 -4700 -4400 -4100 -3900 -3600 -3300 -2800 -2700 -2300 -2200 -2000 -1800 -1600 -1500 -1300 -1200 -9999 -1100 -9999 -1000 -9999 -9999 -9999 -9999 -9999 -1000 -1000 -9999 -9999 -1100 -9999 -9999 -1200 -1200 -1300 -1300 -1300 -9999 -9999
-800 -9999 -900 -1000 -1100 -1300 -1400 -1600 -1800 -2000 -2200 -2400 -2700 -2900 -3100 -3400 -3600 -4100 -4300 -4600 -4800 -5000 -5300 -5500 -5700 -5900 -6200 -6300 -6500 -6600 -6700 -6700 -6700 -6600 -6200 -5900 -5700 -5400 -5100 -4700 -4400 -4100 -3800 -3500 -2900 -2600 -2400 -2300 -2000 -1800 -1600 -1500 -1300 -1200 -9999 -1100 -9999 -1000 -9999 -9999 -9999 -9999 -1000 -9999 -9999 -9999 -1100 -9999 -1200 -1200 -9999 -1300 -9999 -9999 -1400 -1400 -1400
-9999 -800 -900 -1000 -1100 -1200 -1400 -1600 -1800 -2000 -2300 -2500 -2700 -3000 -3200 -3500 -3700 -4100 -4400 -4700 -4900 -5200 -5400 -5600 -5900 -6100 -6300 -6500 -6700 -6800 -6900 -6900 -6900 -6800 -6600 -6200 -5900 -5600 -5300 -5000 -4600 -4300 -4000 -3600 -3000 -2700 -2600 -2200 -2000 -1800 -1700 -1500 -1400 -9999 -1200 -1100 -9999 -9999 -1000 -1000 -1000 -1000 -1000 -9999 -1100 -1100 -9999 -1200 -9999 -1300 -1300 -1400 -1400 -1400 -9999 -9999 -1500
-9999 -800 -900 -1000 -1100 -1200 -1400 -1600 -1800 -2000 -2200 -2500 -2700 -3000 -3300 -3500 -3800 -4300 -4500 -4800 -5000 -5300 -5500 -5800 -6000 -6400 -6500 -6700 -6900 -7000 -7100 -7100 -7100 -7000 -6800 -6400 -6200 -5900 -5500 -5200 -4900 -4500 -4100 -3800 -3100 -2800 -2500 -2400 -2100 -1900 -1700 -1500 -1400 -1300 -1200 -9999 -1100 -9999 -9999 -9999 -9999 -9999 -1100 -1100 -9999 -1200 -1200 -9999 -1300 -9999 -1400 -1400 -1500 -1500 -1500 -1500 -9999
-700 -9999 -800 -900 -1000 -1200 -1300 -1500 -1800 -2100 -2200 -2500 -2800 -3000 -3300 -3600 -4100 -4400 -4600 -4900 -5200 -5400 -5700 -5900 -6200 -6400 -6700 -6900 -7000 -7200 -7300 -7300 -7200 -7100 -7000 -6700 -6400 -6100 -5800 -5400 -5100 -4700 -4300 -3900 -3200 -2900 -2600 -2300 -2100 -1900 -1700 -1500 -1400 -1300 -1200 -9999 -1100 -1100 -1100 -9999 -1100 -1100 -1100 -9999 -1200 -1200 -1300 -1300 -1400 -1400 -9999 -1500 -1500 -9999 -1600 -1600 -1600
-9999 -700 -800 -900 -1000 -1200 -1300 -1500 -1700 -2000 -2200 -2500 -2800 -3100 -3400 -3700 -4200 -4500 -4700 -5000 -5300 -5500 -5800 -6100 -6300 -6700 -6900 -7100 -7200 -7300 -7400 -7500 -7400 -7300 -7200 -6900 -6600 -6400 -6000 -5700 -5300 -4900 -4500 -4100 -3700 -3000 -2700 -2400 -2200 -1900 -1700 -1600 -1500 -1300 -9999 -1200 -1200 -9999 -9999 -1100 -9999 -9999 -1200 -1200 -1300 -1300 -9999 -1400 -1400 -1500 -1500 -1600 -1600 -1600 -9999 -9999 -1700
-9999 -700 -800 -900 -1000 -1100 -1300 -1500 -1700 -2000 -2200 -2600 -2800 -3100 -3400 -3700 -4000 -4300 -4800 -5100 -5400 -5700 -5900 -6200 -6400 -6700 -7000 -7200 -7400 -7500 -7600 -7600 -7600 -7500 -7400 -7100 -6900 -6600 -6300 -6000 -5600 -5200 -4700 -4300 -3500 -3200 -2800 -2500 -2200 -2000 -1800 -1600 -1500 -1400 -1300 -1300 -9999 -1200 -1200 -1200 -1200 -1200 -1300 -1300 -1300 -1400 -1400 -1500 -1500 -1600 -1600 -1700 -1700 -1700 -1700 -1700 -9999
-9999 -9999 -700 -800 -900 -1100 -1300 -1500 -1700 -2000 -2200 -2500 -2900 -3200 -3400 -3800 -4100 -4600 -4900 -5200 -5500 -5800 -6000 -6300 -6600 -6800 -7200 -7400 -7500 -7600 -7700 -7800 -7800 -7700 -7600 -7400 -7200 -6900 -6600 -6200 -5800 -5400 -4900 -4500 -4000 -3300 -2900 -2700 -2400 -2000 -1800 -1700 -1600 -1500 -1400 -1400 -1300 -1300 -1300 -1300 -1300 -1300 -1300 -1400 -1400 -1500 -1500 -1600 -1600 -1700 -1700 -1800 -1800 -1800 -1800 -1800 -1800
-600 -9999 -700 -800 -900 -1100 -1200 -1500 -1700 -2000 -2200 -2500 -2800 -3200 -3500 -3800 -4100 -4700 -5000 -5300 -5600 -5900 -6200 -6400 -6700 -6900 -7300 -7500 -7700 -7800 -7900 -8000 -8000 -7900 -7800 -7700 -7400 -7200 -6900 -6500 -6100 -5700 -5200 -4700 -4000 -3500 -3100 -2700 -2300 -2100 -2000 -1800 -1800 -1700 -1500 -1500 -1400 -1400 -1400 -1400 -1400 -1400 -1400 -1500 -1500 -1600 -1600 -1700 -1700 -1800 -1800 -1800 -1900 -1900 -1900 -1900 -1900
-9999 -600 -700 -800 -900 -1000 -1200 -1400 -1700 -2000 -2400 -2700 -2900 -3200 -3500 -3900 -4200 -4800 -5100 -5400 -5700 -6000 -6300 -6500 -6800 -7000 -7300 -7500 -7800 -7900 -8000 -8100 -8200 -8100 -8000 -7900 -7700 -7400 -7100 -6800 -6400 -5900 -5500 -5000 -4500 -3800 -3300 -2800 -2500 -2200 -2100 -2000 -1900 -1800 -1700 -1700 -1600 -1500 -1500 -1500 -1500 -1500 -1500 -1600 -1600 -1700 -1700 -1800 -1800 -1900 -1900 -1900 -2000 -2000 -2000 -2000 -9999
