data/map/VenocoData/cont_maps/Projected_to_NAD83SP0404/01_BASEMENT_proj/01_rasterASCIIs/rastert_01_base_170.txt
ncols         245
nrows         245
xllcorner     1814489.1554518
yllcorner     538196.73930609
cellsize      170
NODATA_value  -9999
[rows 34 to 67 of 245, columns 0 to 76 of 245]
-9999 -9999 -9999 -9999 -9999 -9999 -9999 -9999 -9999 -9999 -9999 -9999 -9999 -9999 -9999 -9999 -9999 -9999 -9999 -9999 -9999 -9999 -9999 -9999 -9999 -9999 -9999 -9999 -9999 -9999 -9999 -2900 -9999 -9999 -3200 -9999 -9999 -9999 -3500 -9999 -3600 -9999 -3700 -9999 -9999 -4000 -9999 -4100 -9999 -4100 -9999 -4200 -9999 -4200 -4300 -9999 -4300 -4300 -4200 -9999 -4200 -4200 -4100 -4100 -4000 -3900 -3900 -3800 -3700 -3600 -3500 -3400 -3300 -3200 -3100 -3000 -2900
-9999 -9999 -9999 -9999 -1000 -9999 -1100 -9999 -1200 -9999 -1300 -9999 -1400 -1500 -9999 -1600 -1700 -1800 -9999 -1900 -2000 -2100 -2200 -9999 -2300 -2400 -2500 -2600 -2700 -9999 -2800 -2900 -3000 -3100 -3200 -3300 -3400 -3400 -3500 -3600 -3700 -9999 -3800 -3900 -9999 -4000 -9999 -4100 -9999 -4200 -9999 -4300 -9999 -4300 -4400 -9999 -4400 -9999 -4400 -9999 -4300 -9999 -4300 -4200 -9999 -4000 -9999 -3900 -9999 -3700 -9999 -3500 -3400 -9999 -3200 -9999 -3000
-9999 -9999 -9999 -9999 -9999 -9999 -9999 -9999 -9999 -9999 -9999 -9999 -9999 -9999 -9999 -9999 -9999 -9999 -9999 -9999 -9999 -9999 -9999 -9999 -9999 -2500 -9999 -9999 -9999 -2800 -9999 -3000 -9999 -9999 -3300 -3400 -3500 -9999 -3600 -3700 -3800 -3900 -3900 -4000 -4100 -4100 -4200 -4300 -9999 -4300 -9999 -4400 -4500 -4500 -4500 -9999 -4500 -9999 -4500 -4500 -4500 -9999 -4400 -4300 -9999 -4200 -4100 -4000 -3900 -3800 -3700 -3600 -3500 -3400 -3300 -3300 -3200
-900 -9999 -9999 -9999 -1000 -9999 -1100 -9999 -1200 -9999 -1300 -1400 -9999 -1500 -1600 -9999 -1700 -1800 -1900 -9999 -2000 -2100 -2200 -2300 -2400 -2500 -2600 -2700 -2700 -2800 -2900 -3000 -3100 -3200 -3300 -9999 -3500 -9999 -3700 -9999 -3800 -9999 -4000 -9999 -4100 -4200 -9999 -4400 -9999 -4400 -9999 -4500 -9999 -4600 -4600 -9999 -4600 -9999 -4600 -9999 -4600 -9999 -4500 -4400 -9999 -4300 -9999 -4200 -9999 -4000 -9999 -3800 -3600 -9999 -3500 -9999 -3300
-9999 -9999 -9999 -9999 -9999 -9999 -9999 -9999 -9999 -9999 -9999 -9999 -9999 -1500 -1600 -9999 -1700 -1800 -1900 -2000 -2100 -2200 -9999 -2300 -2400 -2500 -2600 -2700 -2800 -2900 -3000 -3100 -3200 -3300 -3400 -3500 -3600 -3700 -3800 -9999 -3900 -4000 -4100 -4200 -4200 -4300 -4400 -4500 -4500 -4600 -9999 -4600 -4700 -4700 -4800 -9999 -4800 -9999 -4800 -9999 -4800 -4700 -4700 -4600 -9999 -4500 -4400 -4300 -4200 -4100 -4000 -3900 -3800 -3700 -3600 -3500 -3400
-9999 -900 -9999 -9999 -1000 -9999 -1100 -9999 -1200 -9999 -1300 -1400 -9999 -1500 -9999 -9999 -9999 -9999 -9999 -9999 -9999 -9999 -9999 -9999 -9999 -2600 -9999 -9999 -9999 -9999 -9999 -3100 -9999 -3300 -9999 -3500 -9999 -9999 -3800 -9999 -4000 -9999 -9999 -9999 -4300 -4400 -9999 -4600 -9999 -4700 -9999 -4800 -9999 -4800 -4900 -9999 -4900 -9999 -4900 -9999 -4900 -9999 -4800 -4800 -9999 -4600 -9999 -4500 -9999 -4300 -9999 -4100 -3900 -9999 -3700 -9999 -3500
-9999 -900 -9999 -9999 -1000 -9999 -1100 -9999 -1200 -9999 -1300 -1400 -9999 -1500 -1600 -1700 -9999 -1800 -1900 -2000 -2100 -2200 -2300 -2400 -2500 -2600 -2700 -2800 -2900 -3000 -3100 -3200 -3300 -3400 -3500 -3600 -3700 -3800 -3900 -4000 -4100 -4200 -4200 -9999 -4400 -4500 -4600 -4700 -4700 -4800 -9999 -4900 -9999 -5000 -5000 -9999 -5100 -9999 -5100 -9999 -5000 -9999 -5000 -4900 -4800 -4800 -4700 -4600 -4500 -4400 -4300 -4200 -4100 -4000 -3900 -3700 -3600
-9999 -9999 -9999 -9999 -9999 -9999 -9999 -9999 -9999 -9999 -9999 -9999 -9999 -9999 -9999 -9999 -1800 -9999 -9999 -9999 -9999 -9999 -2300 -9999 -9999 -9999 -9999 -9999 -9999 -9999 -9999 -3200 -9999 -3400 -9999 -3600 -3800 -9999 -4000 -9999 -9999 -9999 -4300 -9999 -4500 -4600 -9999 -4800 -9999 -4900 -9999 -5000 -9999 -5100 -5200 -9999 -5200 -9999 -5200 -9999 -5200 -9999 -5200 -5100 -9999 -5000 -9999 -4800 -9999 -4600 -9999 -4400 -4200 -9999 -4000 -9999 -3800
-9999 -9999 -900 -9999 -1000 -9999 -1100 -9999 -1200 -9999 -1300 -1400 -9999 -1500 -1600 -1700 -1800 -1900 -9999 -2000 -2100 -2200 -2300 -2400 -2500 -2600 -2700 -2800 -2900 -3100 -3200 -3300 -3400 -3500 -3600 -3700 -3800 -3900 -4000 -4100 -4200 -4300 -4400 -4500 -4600 -4700 -9999 -4800 -4900 -5000 -9999 -5100 -9999 -5200 -5300 -9999 -5300 -5300 -5400 -5300 -5400 -9999 -5300 -5200 -5100 -5100 -5000 -4900 -4800 -4700 -4600 -4500 -4400 -4200 -4100 -4000 -3900
-9999 -9999 -900 -9999 -9999 -9999 -9999 -9999 -9999 -9999 -9999 -9999 -9999 -9999 -9999 -9999 -9999 -9999 -9999 -9999 -9999 -9999 -9999 -9999 -9999 -9999 -9999 -2900 -9999 -3100 -9999 -3300 -9999 -3500 -9999 -3700 -3900 -9999 -4100 -9999 -4300 -9999 -4500 -9999 -9999 -4800 -9999 -5000 -9999 -5100 -9999 -5200 -9999 -5300 -5400 -9999 -5500 -9999 -5500 -9999 -5500 -9999 -5500 -5400 -9999 -5400 -5300 -5200 -5100 -5000 -4900 -4800 -4700 -4500 -4400 -4300 -4100
-9999 -9999 -900 -9999 -9999 -1000 -9999 -1100 -1200 -9999 -1300 -1400 -9999 -1500 -1600 -1700 -1800 -1900 -2000 -2100 -2200 -2300 -2400 -2500 -2600 -2700 -2800 -2900 -3000 -3100 -3200 -3300 -3500 -3600 -3700 -3800 -3900 -4000 -4100 -4200 -4400 -4500 -4600 -4700 -4700 -4800 -4900 -5000 -5100 -5200 -9999 -5300 -5400 -5500 -5600 -5500 -5600 -9999 -5700 -9999 -5700 -9999 -5700 -5500 -9999 -5500 -9999 -5300 -9999 -5100 -9999 -4900 -4700 -9999 -4500 -9999 -4200
-9999 -9999 -9999 -9999 -9999 -9999 -9999 -9999 -9999 -9999 -9999 -9999 -9999 -9999 -9999 -9999 -9999 -9999 -9999 -9999 -2200 -9999 -9999 -9999 -9999 -9999 -9999 -3000 -9999 -3200 -9999 -3400 -9999 -3600 -9999 -3800 -9999 -9999 -9999 -9999 -9999 -9999 -4600 -9999 -4800 -5000 -5100 -5200 -5300 -5300 -9999 -5500 -5600 -5600 -5700 -9999 -5800 -9999 -5800 -9999 -5900 -9999 -5800 -5800 -9999 -5700 -5600 -5500 -5400 -5300 -5200 -5100 -4900 -4800 -4600 -4500 -4300
-9999 -9999 -9999 -900 -9999 -1000 -9999 -1100 -1200 -9999 -1300 -1400 -9999 -1500 -1600 -1700 -1800 -1900 -2000 -2100 -2200 -2300 -2400 -2500 -2600 -2700 -2800 -3000 -3100 -3200 -3300 -3400 -3500 -3700 -3800 -3900 -4000 -4100 -4300 -4400 -4500 -4600 -4700 -4800 -4900 -5100 -9999 -5300 -9999 -5400 -9999 -5600 -9999 -5700 -5800 -9999 -5900 -9999 -6000 -9999 -6000 -9999 -6000 -5900 -9999 -5800 -9999 -5700 -9999 -5500 -9999 -5300 -5000 -9999 -4700 -9999 -4500
-9999 -9999 -9999 -9999 -9999 -9999 -9999 -9999 -9999 -9999 -9999 -9999 -9999 -9999 -9999 -9999 -9999 -9999 -9999 -9999 -9999 -9999 -9999 -9999 -2700 -2800 -2900 -3000 -3100 -3300 -3400 -3500 -3600 -3700 -3900 -4000 -4100 -4200 -4400 -4500 -4600 -4700 -4800 -5000 -5000 -5200 -5300 -5400 -5500 -5500 -9999 -5700 -5800 -5800 -6000 -6000 -6100 -6100 -6100 -9999 -6200 -9999 -6200 -6100 -6100 -6000 -5900 -5800 -5700 -5600 -5500 -5400 -5200 -5100 -4900 -4800 -4600
-9999 -9999 -9999 -900 -9999 -1000 -9999 -1100 -9999 -1200 -1300 -1400 -9999 -1500 -1600 -1700 -1800 -1900 -2000 -2100 -2200 -2300 -2400 -2500 -9999 -9999 -9999 -3100 -9999 -3300 -9999 -9999 -9999 -9999 -9999 -4000 -4200 -9999 -9999 -9999 -9999 -9999 -4900 -9999 -5100 -5300 -9999 -5500 -9999 -5600 -9999 -5800 -9999 -6000 -6100 -9999 -6200 -9999 -6300 -9999 -6300 -9999 -6300 -6300 -9999 -6200 -9999 -6000 -9999 -5800 -9999 -5600 -5300 -9999 -5000 -9999 -4700
-800 -9999 -9999 -9999 -9999 -9999 -1000 -1100 -9999 -1200 -1300 -1400 -9999 -1500 -1600 -1700 -1800 -1900 -2000 -2100 -2200 -2300 -2500 -2600 -2700 -2800 -2900 -3100 -3200 -3300 -3400 -3600 -3700 -3800 -4000 -4100 -4300 -4400 -4500 -4600 -4700 -4900 -5000 -5100 -5200 -5300 -5400 -5500 -5600 -5700 -5800 -5900 -6000 -6100 -6200 -9999 -6300 -9999 -6400 -9999 -6500 -9999 -6500 -6400 -6400 -6300 -9999 -6200 -6100 -5900 -5800 -5700 -5500 -5400 -5200 -5000 -4900
-9999 -800 -9999 -9999 -900 -9999 -1000 -9999 -9999 -9999 -9999 -9999 -9999 -9999 -9999 -9999 -9999 -9999 -9999 -9999 -9999 -9999 -9999 -9999 -2700 -9999 -9999 -9999 -9999 -9999 -9999 -3600 -9999 -9999 -9999 -4100 -9999 -9999 -9999 -9999 -4800 -9999 -5000 -9999 -9999 -9999 -9999 -9999 -9999 -5800 -9999 -6000 -9999 -6200 -6300 -9999 -6400 -9999 -6500 -9999 -6600 -9999 -6600 -6600 -9999 -6500 -9999 -6300 -9999 -6100 -9999 -5900 -5500 -5600 -5300 -9999 -5000
-9999 -800 -9999 -9999 -900 -9999 -1000 -9999 -1100 -1200 -1300 -9999 -1400 -1500 -1600 -1700 -1800 -1900 -2000 -2100 -2300 -2400 -2500 -2600 -2700 -2900 -3000 -3100 -3200 -3400 -3500 -3600 -3800 -3900 -4000 -4200 -4400 -4500 -4600 -4700 -4800 -5000 -5100 -5200 -5300 -5500 -5600 -5700 -5800 -5900 -6000 -6100 -6200 -6300 -6400 -9999 -6500 -9999 -6600 -9999 -6700 -6700 -6700 -6700 -9999 -6600 -6500 -6400 -6300 -6200 -6100 -6000 -5800 -5700 -5400 -5300 -5100
-9999 -9999 -9999 -9999 -9999 -9999 -9999 -9999 -9999 -9999 -9999 -9999 -9999 -9999 -9999 -9999 -9999 -9999 -9999 -9999 -9999 -9999 -9999 -9999 -9999 -9999 -9999 -3200 -9999 -9999 -9999 -3700 -9999 -9999 -9999 -4200 -9999 -9999 -4700 -9999 -4900 -9999 -5200 -9999 -5400 -5600 -9999 -5800 -9999 -6000 -9999 -6200 -9999 -6400 -6500 -9999 -6700 -9999 -6800 -9999 -6800 -9999 -6900 -6800 -9999 -6800 -9999 -6600 -9999 -6400 -9999 -6100 -9999 -5900 -5600 -5500 -5300
-9999 -9999 -800 -9999 -9999 -900 -1000 -9999 -1100 -1200 -9999 -1300 -1400 -1500 -1600 -1700 -1800 -1900 -2000 -2200 -2300 -2400 -2500 -2600 -2800 -2900 -3000 -3200 -3300 -3500 -3600 -3700 -3800 -4000 -4100 -4300 -4400 -4500 -4700 -4800 -5000 -5100 -5200 -5400 -5500 -5600 -5700 -5900 -6000 -6100 -6200 -6300 -6400 -6500 -6600 -9999 -6700 -6800 -6900 -9999 -6900 -9999 -7000 -6900 -6900 -6900 -6800 -6700 -6600 -6500 -6300 -6200 -6000 -6000 -5700 -9999 -5400
-9999 -9999 -9999 -9999 -9999 -9999 -9999 -9999 -9999 -1200 -9999 -9999 -9999 -9999 -9999 -9999 -9999 -9999 -9999 -9999 -9999 -9999 -9999 -9999 -9999 -9999 -9999 -9999 -9999 -9999 -9999 -9999 -9999 -9999 -9999 -4300 -9999 -9999 -4800 -9999 -9999 -9999 -5300 -9999 -9999 -5800 -9999 -6000 -9999 -6200 -9999 -6400 -9999 -6600 -6700 -6800 -6900 -9999 -7000 -9999 -7000 -7100 -7100 -7100 -7000 -7000 -9999 -6900 -6800 -6600 -6500 -6400 -6200 -6100 -5800 -5700 -5500
-9999 -9999 -9999 -800 -9999 -900 -9999 -1000 -1100 -9999 -1200 -1300 -1400 -1500 -1600 -1700 -1800 -1900 -2000 -2200 -2300 -2400 -2500 -2700 -2800 -2900 -3100 -3200 -3300 -3500 -3600 -3800 -3900 -4100 -4200 -4400 -4500 -4600 -4800 -4900 -5100 -5200 -5300 -5500 -5600 -5700 -5900 -6000 -6100 -6200 -6300 -6500 -6600 -6700 -6700 -9999 -7000 -9999 -7100 -9999 -7100 -9999 -7200 -9999 -7100 -7100 -9999 -6900 -9999 -6700 -9999 -6500 -9999 -6200 -5900 -9999 -5600
-9999 -9999 -9999 -9999 -9999 -9999 -9999 -9999 -9999 -9999 -9999 -9999 -9999 -9999 -9999 -9999 -9999 -9999 -2100 -9999 -9999 -9999 -9999 -9999 -2800 -9999 -9999 -9999 -9999 -9999 -9999 -9999 -9999 -4100 -4300 -4400 -4600 -4700 -4900 -5000 -5200 -5300 -5400 -5600 -5700 -5900 -6000 -6100 -6300 -6400 -6500 -6600 -6700 -6800 -6900 -6900 -7100 -7100 -7200 -9999 -7200 -9999 -7300 -9999 -7200 -7200 -7100 -7000 -7000 -6800 -6700 -6600 -6500 -6300 -6100 -6000 -5700
-700 -9999 -9999 -9999 -800 -9999 -900 -1000 -9999 -1100 -1200 -1300 -1400 -1500 -1600 -1700 -1800 -1900 -2000 -2200 -2300 -2400 -2600 -2700 -2800 -3000 -3100 -3200 -3400 -3600 -3700 -3800 -4000 -4100 -9999 -9999 -4700 -9999 -9999 -9999 -9999 -9999 -5500 -9999 -9999 -6000 -9999 -6200 -9999 -9999 -9999 -9999 -9999 -6800 -9999 -7000 -9999 -9999 -9999 -9999 -7300 -9999 -9999 -9999 -7300 -7300 -9999 -7100 -9999 -6900 -9999 -6700 -9999 -6500 -6200 -9999 -5800
-9999 -9999 -9999 -9999 -800 -9999 -9999 -9999 -1000 -9999 -9999 -1300 -9999 -9999 -1600 -1700 -1800 -1900 -2000 -2200 -2300 -2400 -2600 -2700 -2800 -3000 -3100 -3300 -3400 -3600 -3700 -3900 -4000 -4200 -4400 -4500 -4700 -4800 -5000 -5100 -5300 -5400 -5600 -5700 -5800 -6000 -6100 -6300 -6400 -6500 -6600 -6700 -6900 -6900 -9999 -7100 -7200 -7300 -7300 -7400 -7400 -9999 -7400 -9999 -7400 -9999 -7300 -7200 -7100 -7000 -6900 -6800 -6700 -6600 -6300 -6200 -6000
-9999 -700 -9999 -9999 -800 -9999 -900 -9999 -1000 -1100 -1200 -1300 -1400 -1500 -9999 -9999 -9999 -9999 -9999 -9999 -9999 -9999 -2600 -9999 -9999 -9999 -9999 -3400 -9999 -9999 -9999 -9999 -9999 -9999 -9999 -4500 -4800 -9999 -9999 -9999 -9999 -9999 -5600 -9999 -5900 -9999 -6100 -9999 -9999 -6600 -9999 -6800 -9999 -7000 -9999 -7200 -7300 -9999 -7400 -9999 -7500 -9999 -7500 -9999 -7500 -7400 -9999 -7300 -9999 -7200 -9999 -7000 -9999 -6700 -6400 -9999 -6100
-9999 -9999 -700 -700 -9999 -800 -9999 -900 -1000 -1100 -1200 -9999 -1300 -1400 -1600 -1700 -1800 -1900 -2000 -2200 -2300 -2400 -2600 -2700 -2900 -3000 -3200 -3300 -3500 -3700 -3800 -3900 -4100 -4300 -4400 -4600 -4700 -4900 -5100 -5200 -5400 -5500 -5700 -5800 -6000 -6100 -6200 -6400 -6500 -6600 -6800 -6900 -7000 -7100 -7200 -7300 -7400 -7400 -7500 -9999 -7600 -7600 -7600 -7600 -7600 -7500 -7500 -7400 -7300 -7300 -7100 -7100 -6900 -6800 -6600 -6400 -6200
-9999 -9999 -9999 -9999 -9999 -9999 -9999 -9999 -9999 -1100 -9999 -9999 -9999 -9999 -9999 -9999 -9999 -9999 -9999 -9999 -9999 -9999 -9999 -9999 -9999 -9999 -9999 -9999 -9999 -9999 -9999 -4000 -9999 -4300 -9999 -4600 -9999 -4900 -9999 -9999 -9999 -9999 -5700 -9999 -6000 -9999 -9999 -6500 -9999 -6700 -9999 -9999 -9999 -9999 -9999 -7300 -7500 -9999 -7600 -9999 -7700 -9999 -7700 -9999 -7700 -7600 -9999 -7500 -9999 -7400 -9999 -7200 -9999 -7000 -6700 -9999 -6400
-9999 -9999 -9999 -700 -9999 -9999 -800 -900 -9999 -1000 -1100 -1200 -1300 -1400 -1500 -1700 -1800 -1900 -2000 -2200 -2300 -2500 -2600 -2700 -2900 -3100 -3200 -3400 -3500 -3700 -3800 -4000 -4200 -4300 -4500 -4600 -4800 -5000 -5200 -5300 -5500 -5600 -5800 -5900 -6100 -6200 -6300 -6500 -6600 -6800 -6900 -7000 -7100 -7200 -7300 -7400 -7500 -7600 -7700 -7700 -9999 -9999 -7800 -9999 -7800 -7700 -7700 -7600 -9999 -7500 -7400 -7300 -7100 -7100 -6800 -6700 -6500
-9999 -9999 -9999 -9999 -9999 -9999 -800 -9999 -9999 -9999 -9999 -9999 -9999 -9999 -9999 -9999 -9999 -9999 -9999 -9999 -9999 -9999 -9999 -9999 -9999 -9999 -3200 -9999 -3500 -9999 -9999 -9999 -9999 -9999 -9999 -9999 -9999 -9999 -9999 -9999 -9999 -9999 -9999 -9999 -6100 -9999 -9999 -6600 -9999 -9999 -9999 -7100 -9999 -7300 -9999 -7500 -7600 -9999 -9999 -9999 -7800 -9999 -7900 -9999 -7900 -7900 -9999 -7800 -9999 -7700 -7600 -7500 -7400 -7200 -7000 -6900 -6700
-600 -9999 -9999 -9999 -700 -9999 -800 -9999 -900 -1000 -1100 -1200 -1300 -1400 -1500 -1600 -1800 -1900 -2000 -2200 -2300 -2500 -2600 -2800 -2900 -3100 -3200 -3400 -3600 -3800 -3900 -4100 -4200 -4400 -4500 -4700 -4900 -5000 -5300 -5400 -5600 -5700 -5900 -6000 -6200 -6300 -6400 -6600 -6700 -6900 -7000 -7100 -7200 -7400 -7500 -9999 -7600 -7700 -7800 -9999 -7900 -7900 -8000 -9999 -8000 -8000 -9999 -7900 -9999 -7800 -9999 -7600 -9999 -7400 -7100 -9999 -6800
-9999 -9999 -9999 -9999 -9999 -9999 -9999 -9999 -9999 -9999 -9999 -1200 -9999 -9999 -9999 -9999 -9999 -9999 -9999 -9999 -2400 -9999 -9999 -9999 -9999 -9999 -9999 -9999 -9999 -9999 -9999 -9999 -9999 -9999 -9999 -9999 -9999 -9999 -9999 -9999 -9999 -9999 -9999 -9999 -6200 -6400 -6500 -6700 -6800 -7000 -7100 -7200 -7400 -7400 -7600 -7600 -7800 -9999 -7900 -8000 -8000 -9999 -8100 -9999 -8100 -8100 -9999 -8000 -8000 -7900 -7800 -7700 -7600 -7500 -7300 -7200 -7000
-9999 -9999 -600 -9999 -9999 -700 -9999 -800 -900 -1000 -1100 -1200 -1300 -1400 -1500 -1600 -1800 -1900 -2000 -2200 -2300 -2500 -2600 -2800 -3000 -3100 -3300 -3400 -3600 -3800 -3900 -4100 -4300 -4400 -4600 -4800 -4900 -5100 -5300 -5400 -5700 -5800 -6000 -6100 -9999 -9999 -9999 -6800 -9999 -9999 -9999 -7300 -9999 -7500 -9999 -7700 -9999 -9999 -8000 -9999 -8100 -9999 -8200 -9999 -8200 -8200 -9999 -8100 -9999 -8000 -9999 -7900 -9999 -7700 -7400 -9999 -7100
-9999 -9999 -600 -9999 -9999 -9999 -9999 -9999 -9999 -1000 -9999 -9999 -9999 -9999 -9999 -9999 -9999 -9999 -9999 -9999 -9999 -9999 -2700 -2900 -3000 -3100 -3300 -3500 -3600 -3900 -4000 -4200 -4300 -4500 -4700 -4800 -5000 -5200 -5400 -5500 -5700 -5900 -6000 -6200 -6300 -6500 -6600 -6800 -6900 -7100 -7200 -7400 -7500 -7600 -7700 -7800 -7900 -8000 -8100 -9999 -8200 -9999 -8300 -8300 -8300 -8300 -9999 -8200 -8200 -8200 -8100 -8000 -7900 -7800 -7600 -7500 -7300
