data/map/VenocoData/cont_maps/Projected_to_NAD83SP0404/01_BASEMENT_proj/01_rasterASCIIs/rastert_01_base2.txt
ncols         123
nrows         123
xllcorner     1814404.1554518
yllcorner     538111.73930609
cellsize      340
NODATA_value  -9999
[rows 68 to 101 of 123, columns 0 to 76 of 123]
-9999 -3900 -4000 -4100 -4200 -4300 -4400 -4500 -4700 -4800 -5000 -5100 -5400 -5500 -5700 -5800 -6000 -6200 -6400 -6600 -6800 -6900 -7200 -7400 -7500 -7700 -7900 -8000 -8200 -8300 -8600 -8700 -8900 -9000 -9100 -9200 -9300 -9400 -9400 -9500 -9500 -9500 -9500 -9500 -9500 -9500 -9400 -9300 -9200 -9100 -9000 -8900 -8800 -8600 -8500 -8400 -8200 -8100 -7900 -7800 -7600 -7500 -7300 -7200 -7000 -6900 -6600 -6500 -6400 -6200 -6100 -5900 -5800 -5600 -5500 -5200 -5100
-9999 -3900 -4000 -4100 -4200 -4300 -4400 -4600 -4700 -4900 -5000 -5200 -5300 -5500 -5700 -5800 -6000 -6200 -6400 -6600 -6700 -7000 -7100 -7300 -7500 -7600 -7800 -8000 -8100 -8300 -8500 -8600 -8800 -8900 -9000 -9100 -9200 -9200 -9300 -9400 -9400 -9400 -9400 -9400 -9400 -9400 -9300 -9200 -9100 -9100 -8900 -8800 -8700 -8600 -8500 -8400 -8200 -8100 -7900 -7800 -7600 -7500 -7400 -7200 -7100 -6900 -6800 -6600 -6400 -6300 -6100 -6000 -5800 -5700 -5600 -5300 -5200
-9999 -4000 -4100 -4200 -4300 -4400 -4500 -4600 -4800 -4900 -5000 -5300 -5400 -5500 -5700 -5900 -6000 -6200 -6400 -6500 -6700 -6900 -7100 -7300 -7400 -7600 -7700 -7900 -8000 -8200 -8400 -8500 -8700 -8800 -8900 -9000 -9000 -9100 -9200 -9300 -9300 -9300 -9300 -9300 -9300 -9300 -9200 -9200 -9100 -9000 -8900 -8800 -8700 -8600 -8500 -8300 -8200 -8100 -7900 -7800 -7700 -7500 -7400 -7200 -7100 -7000 -6800 -6600 -6500 -6300 -6200 -6100 -5900 -5800 -5700 -5600 -5300
-9999 -4000 -4100 -4200 -4300 -4400 -4500 -4700 -4800 -4900 -5100 -5200 -5400 -5600 -5700 -5900 -6000 -6200 -6400 -6500 -6800 -6900 -7100 -7200 -7400 -7500 -7700 -7800 -8000 -8100 -8300 -8400 -8500 -8700 -8800 -8800 -8900 -9000 -9100 -9100 -9200 -9200 -9200 -9200 -9200 -9100 -9100 -9100 -9000 -8900 -8800 -8700 -8600 -8500 -8400 -8300 -8200 -8100 -7900 -7800 -7700 -7500 -7400 -7300 -7100 -7000 -6900 -6700 -6500 -6400 -6300 -6100 -6000 -5900 -5800 -5600 -5500
-9999 -4100 -4200 -4300 -4400 -4500 -4600 -4700 -4800 -5000 -5100 -5200 -5400 -5500 -5700 -5900 -6000 -6200 -6300 -6500 -6700 -6900 -7000 -7200 -7300 -7500 -7600 -7700 -7900 -8100 -8200 -8300 -8400 -8500 -8600 -8700 -8800 -8900 -9000 -9000 -9000 -9100 -9100 -9100 -9100 -9000 -9000 -9000 -8900 -8800 -8700 -8700 -8600 -8500 -8400 -8200 -8100 -8000 -7900 -7800 -7600 -7500 -7400 -7300 -7100 -7000 -6800 -6700 -6600 -6500 -6300 -6200 -6100 -6000 -5800 -5700 -5600
-9999 -4200 -4200 -4300 -4400 -4500 -4600 -4700 -4900 -5000 -5100 -5300 -5400 -5600 -5700 -5900 -6000 -6200 -6300 -6500 -6600 -6800 -7000 -7100 -7300 -7400 -7600 -7700 -7800 -8000 -8100 -8200 -8300 -8400 -8500 -8600 -8700 -8800 -8800 -8900 -8900 -9000 -8900 -9000 -8900 -8900 -8900 -8900 -8800 -8700 -8600 -8600 -8500 -8400 -8300 -8200 -8100 -8000 -7900 -7800 -7600 -7500 -7400 -7300 -7200 -7000 -6900 -6700 -6600 -6500 -6400 -6300 -6100 -6000 -5900 -5800 -5600
-9999 -4200 -4300 -4300 -4400 -4500 -4600 -4800 -4900 -5000 -5100 -5300 -5400 -5600 -5700 -5900 -6000 -6200 -6300 -6500 -6700 -6800 -6900 -7100 -7200 -7400 -7500 -7600 -7700 -7800 -8000 -8100 -8200 -8300 -8400 -8500 -8600 -8600 -8700 -8700 -8800 -8800 -8800 -8800 -8800 -8800 -8800 -8800 -8700 -8600 -8600 -8500 -8400 -8300 -8200 -8200 -8100 -7900 -7800 -7700 -7600 -7500 -7400 -7300 -7200 -7000 -6900 -6800 -6700 -6500 -6400 -6300 -6200 -6100 -5900 -5800 -5700
-9999 -4200 -4300 -4400 -4500 -4600 -4700 -4800 -4900 -5000 -5200 -5300 -5500 -5600 -5700 -5900 -6000 -6100 -6300 -6400 -6600 -6700 -6900 -7000 -7100 -7300 -7400 -7500 -7600 -7800 -7900 -8000 -8100 -8200 -8300 -8400 -8500 -8500 -8600 -8600 -8700 -8700 -8700 -8700 -8700 -8700 -8700 -8700 -8600 -8500 -8500 -8400 -9999 -8300 -8200 -8100 -8000 -7900 -7800 -7700 -7600 -7500 -7400 -7300 -7200 -7000 -6900 -6800 -6700 -6600 -6400 -6300 -6200 -6100 -6000 -5900 -5800
-9999 -9999 -4300 -4400 -4500 -4600 -4700 -4800 -4900 -5100 -5200 -5300 -5400 -5600 -5700 -5900 -6000 -6100 -6300 -6400 -6500 -6700 -6800 -7000 -7100 -7200 -7300 -7400 -7600 -7700 -7800 -7900 -8000 -8100 -8200 -8300 -8300 -8400 -8500 -8500 -8600 -8600 -8600 -8600 -8600 -8600 -8600 -8600 -8500 -9999 -8400 -9999 -8300 -8200 -8100 -9999 -8000 -7900 -7800 -7700 -7600 -7500 -7400 -7300 -7200 -7000 -6900 -6800 -6700 -6600 -6500 -6400 -6200 -6100 -6000 -5900 -5800
-9999 -4300 -4400 -4400 -4500 -4600 -4700 -4800 -4900 -5100 -5200 -5300 -5400 -5600 -5700 -5800 -6000 -6100 -6200 -6400 -6500 -6700 -6800 -6900 -7000 -7100 -7300 -7400 -7500 -7600 -7700 -7800 -7900 -8000 -8100 -8200 -8200 -8300 -8400 -8400 -8500 -8500 -8500 -8500 -8500 -8500 -8500 -8500 -8400 -8400 -8300 -8300 -8200 -9999 -8100 -8000 -7900 -7800 -7700 -7600 -7500 -7400 -7300 -7200 -7100 -7000 -6900 -6800 -6700 -6600 -6500 -6400 -6300 -6200 -6100 -6000 -5800
-9999 -9999 -4400 -4500 -4600 -4700 -4800 -4900 -5000 -5100 -5200 -5300 -5500 -5600 -5700 -5800 -6000 -6100 -6200 -6300 -6500 -6600 -6800 -6900 -7000 -7100 -7200 -7300 -7400 -7500 -7600 -7700 -7800 -7900 -8000 -8100 -8100 -8200 -8200 -8300 -8400 -8400 -8400 -8400 -8400 -8400 -8400 -8400 -8300 -8300 -8200 -8200 -8100 -8100 -8000 -9999 -7900 -7800 -7700 -7600 -7500 -7400 -7300 -7200 -7100 -7000 -6900 -6800 -6700 -6600 -6500 -6400 -6300 -6200 -6100 -6000 -5900
-9999 -4400 -4400 -4500 -4600 -4700 -4800 -4900 -5000 -5100 -5200 -5300 -5500 -5600 -5700 -5800 -5900 -6100 -6200 -6300 -6400 -6600 -6700 -6800 -6900 -7000 -7200 -7300 -7400 -7500 -7600 -7700 -7800 -7800 -7900 -8000 -8000 -8100 -8100 -8200 -8300 -8300 -8300 -8300 -8300 -8300 -8300 -8300 -8200 -8200 -9999 -8100 -8100 -8000 -9999 -7900 -7800 -7700 -7600 -7600 -7500 -7400 -7300 -7200 -7100 -7000 -6900 -6800 -6700 -6600 -6500 -6400 -6300 -6200 -6100 -6000 -5900
-9999 -4400 -9999 -4500 -4600 -4700 -4800 -4900 -5000 -5100 -5200 -5300 -5500 -5600 -5700 -5800 -5900 -6100 -6200 -6300 -6400 -6600 -6700 -6800 -6900 -7000 -7100 -7200 -7300 -7400 -7500 -7600 -7700 -7800 -7800 -7900 -9999 -8000 -8000 -8100 -8200 -8200 -8200 -8200 -8200 -8200 -8200 -8200 -8200 -8100 -8100 -8000 -8000 -9999 -7900 -7800 -9999 -7700 -7600 -7500 -9999 -7400 -7300 -7200 -7100 -7000 -6900 -6800 -6700 -6600 -6500 -6400 -6300 -6200 -6200 -6100 -6000
-9999 -9999 -4500 -9999 -4600 -4700 -4800 -4900 -5000 -5100 -5200 -5300 -5500 -5600 -5700 -5800 -5900 -6000 -6200 -6300 -6400 -6500 -6600 -6700 -6800 -6900 -7000 -7100 -7200 -7300 -7400 -7500 -7600 -7700 -7700 -7800 -7900 -7900 -8000 -8000 -8100 -8100 -8100 -8100 -8100 -8100 -8100 -8100 -8100 -8000 -8000 -8000 -7900 -7900 -7800 -7800 -7700 -9999 -7600 -7500 -7400 -7300 -7300 -7200 -7100 -7000 -6900 -6800 -6700 -6600 -6500 -6400 -9999 -6300 -6200 -6100 -6000
-9999 -9999 -4500 -4600 -9999 -4700 -4800 -4900 -5000 -5100 -5200 -5300 -5400 -5600 -5700 -5800 -5900 -6000 -6100 -6200 -6300 -6500 -6600 -6700 -6800 -6900 -7000 -7100 -7200 -7200 -7400 -9999 -7500 -7600 -7700 -7700 -7800 -7800 -7900 -7900 -8000 -8000 -8000 -8000 -8000 -8000 -8000 -8000 -8000 -7900 -7900 -7900 -7800 -7800 -7800 -7700 -7600 -7600 -7500 -7400 -9999 -7300 -7200 -7100 -9999 -7000 -6900 -6800 -6700 -6600 -6500 -9999 -6400 -6300 -6200 -6100 -6000
-9999 -9999 -4500 -4600 -4700 -9999 -4800 -4900 -5000 -5100 -5200 -5300 -5400 -5600 -5700 -5800 -5900 -6000 -6100 -6200 -6300 -6400 -6500 -6600 -6700 -6800 -6900 -7000 -7100 -7200 -7300 -7400 -9999 -7500 -7600 -7600 -7700 -7700 -7800 -7800 -7900 -7900 -7900 -7900 -7900 -7900 -7900 -7900 -7900 -7900 -7800 -7800 -7800 -7700 -7700 -7600 -7600 -7500 -7500 -7400 -7300 -9999 -7200 -7100 -7000 -9999 -6900 -6800 -6700 -6600 -6500 -9999 -6400 -6300 -6200 -6100 -6000
-9999 -4500 -9999 -4600 -4700 -9999 -4800 -4900 -5000 -5100 -5200 -5300 -5400 -5500 -5700 -5800 -5900 -6000 -6100 -6200 -6300 -6400 -6500 -6600 -6700 -6800 -6900 -7000 -7000 -7100 -7200 -7300 -7400 -7400 -7500 -7500 -7600 -7600 -7700 -7700 -7800 -7800 -7800 -7800 -7800 -7800 -7800 -7800 -7800 -7800 -9999 -7700 -7700 -9999 -7600 -7600 -7500 -7500 -7400 -9999 -7300 -7200 -9999 -7100 -7000 -6900 -9999 -6800 -6700 -6600 -6500 -9999 -6400 -6300 -6200 -6100 -6000
-9999 -4500 -9999 -4600 -4700 -4800 -9999 -4900 -5000 -5100 -5200 -5300 -5400 -5500 -5600 -5700 -5800 -6000 -6000 -6100 -6200 -6300 -6500 -6500 -6600 -6700 -6800 -6900 -7000 -9999 -7100 -7200 -7300 -7300 -7400 -7500 -7500 -9999 -7600 -7600 -7700 -7700 -7700 -7700 -9999 -9999 -9999 -9999 -7700 -7700 -7700 -9999 -7600 -7600 -9999 -7500 -7500 -7400 -7400 -7300 -9999 -7200 -7100 -9999 -7000 -6900 -6800 -9999 -6700 -6600 -6500 -9999 -6400 -6300 -6200 -6100 -9999
-9999 -9999 -9999 -4600 -4700 -4800 -9999 -4900 -5000 -5100 -5200 -5300 -5400 -5500 -5600 -5700 -5800 -5900 -6000 -6100 -6200 -6300 -6400 -6500 -6600 -6700 -9999 -6800 -6900 -7000 -7100 -7100 -7200 -7300 -7300 -7400 -7400 -7500 -7500 -9999 -7600 -7600 -7600 -9999 -7700 -7700 -7700 -7700 -9999 -7600 -7600 -7600 -9999 -7500 -7500 -9999 -7400 -7400 -7300 -9999 -7200 -9999 -7100 -7000 -9999 -6900 -6800 -6700 -6700 -6600 -6500 -9999 -6400 -6300 -6200 -9999 -6100
-9999 -9999 -4600 -9999 -4700 -4800 -4900 -4900 -5000 -5100 -5200 -5300 -5400 -5500 -5600 -5700 -5800 -5900 -6000 -6100 -6200 -6300 -6400 -6400 -6500 -6600 -6700 -6800 -9999 -6900 -7000 -7100 -7100 -7200 -7300 -7300 -9999 -7400 -7400 -7500 -7500 -9999 -9999 -7600 -7600 -7600 -7600 -7600 -7600 -7600 -7500 -7500 -7500 -9999 -7400 -7400 -9999 -7300 -7300 -7200 -9999 -7100 -9999 -7000 -6900 -9999 -6800 -6700 -9999 -6600 -6500 -6400 -9999 -6300 -6200 -9999 -6100
-9999 -9999 -4600 -9999 -4700 -4800 -4900 -9999 -5000 -5100 -5200 -5300 -5400 -5500 -5600 -5700 -5800 -5900 -6000 -9999 -6100 -6200 -6300 -6400 -6500 -6600 -9999 -6700 -6800 -6900 -6900 -7000 -7100 -9999 -7200 -9999 -7300 -7300 -9999 -7400 -7400 -7500 -7500 -7500 -7500 -7500 -7500 -7500 -7500 -7500 -9999 -9999 -7400 -7400 -9999 -9999 -7300 -9999 -7200 -9999 -7100 -9999 -7000 -9999 -6900 -6800 -9999 -6700 -6600 -9999 -6500 -6400 -9999 -6300 -6200 -9999 -6100
-9999 -9999 -4600 -9999 -4700 -4800 -4900 -9999 -5000 -5100 -5200 -5300 -5400 -5500 -5600 -5700 -9999 -5800 -5900 -6000 -6100 -6200 -6300 -6400 -9999 -6500 -6600 -6700 -9999 -6800 -6900 -6900 -7000 -7100 -7100 -7200 -7200 -9999 -7300 -7300 -7400 -7400 -7400 -7400 -7400 -7400 -7400 -7400 -7400 -7400 -7400 -7400 -9999 -7300 -7300 -7300 -9999 -7200 -9999 -7100 -9999 -7000 -9999 -6900 -9999 -6800 -9999 -6700 -6600 -9999 -6500 -6400 -9999 -6300 -6200 -9999 -6100
-9999 -9999 -4600 -9999 -4700 -4800 -4900 -9999 -5000 -5100 -5200 -5300 -5400 -5500 -9999 -5600 -5700 -5800 -5900 -6000 -6100 -6200 -9999 -6300 -6400 -6500 -9999 -6600 -6700 -6800 -6800 -6900 -9999 -7000 -9999 -7100 -9999 -7200 -7200 -9999 -7300 -7300 -7300 -9999 -9999 -9999 -9999 -9999 -9999 -9999 -7300 -7300 -7300 -9999 -9999 -7200 -7200 -9999 -7100 -9999 -7000 -7000 -6900 -6900 -6800 -9999 -6700 -9999 -6600 -6500 -9999 -6400 -6300 -6300 -6200 -6100 -6100
-9999 -4600 -9999 -4700 -9999 -4800 -4900 -9999 -5000 -5100 -5200 -5300 -5400 -9999 -5500 -5600 -5700 -5800 -5900 -6000 -9999 -6100 -6200 -6300 -6400 -9999 -6500 -6600 -9999 -6700 -6800 -6800 -6900 -9999 -7000 -9999 -7100 -7100 -9999 -7200 -7200 -9999 -9999 -7300 -7300 -7300 -7300 -7300 -7300 -7300 -9999 -9999 -7200 -7200 -7200 -9999 -7100 -7100 -9999 -7000 -7000 -6900 -6900 -6800 -6800 -6700 -6700 -6600 -9999 -6500 -6400 -9999 -6300 -9999 -6200 -6100 -9999
-9999 -4600 -9999 -4700 -9999 -4800 -4900 -9999 -5000 -5100 -5200 -5300 -9999 -5400 -5500 -5600 -5700 -5800 -9999 -5900 -6000 -6100 -6200 -9999 -6300 -6400 -6500 -9999 -6600 -6700 -6700 -6800 -9999 -6900 -9999 -7000 -7000 -9999 -7100 -7100 -7100 -7200 -7200 -7200 -7200 -7200 -7200 -7200 -7200 -7200 -7200 -7200 -7200 -9999 -7100 -7100 -7100 -7000 -7000 -7000 -6900 -9999 -6800 -6800 -6700 -6700 -6600 -6600 -6500 -9999 -6400 -9999 -6300 -9999 -6200 -6100 -9999
-9999 -4600 -9999 -4700 -9999 -4800 -4900 -9999 -5000 -5100 -5200 -9999 -5300 -5400 -5500 -5600 -5700 -9999 -5800 -5900 -6000 -6100 -6100 -6200 -6300 -9999 -6400 -6500 -9999 -6600 -6700 -6700 -6800 -9999 -6900 -6900 -9999 -7000 -7000 -7000 -7100 -7100 -7100 -7100 -9999 -9999 -9999 -9999 -9999 -9999 -7100 -7100 -7100 -7100 -9999 -9999 -7000 -7000 -9999 -6900 -9999 -6800 -6800 -9999 -6700 -9999 -6600 -9999 -6500 -9999 -6400 -9999 -6300 -6200 -9999 -6100 -9999
-9999 -9999 -9999 -4700 -9999 -4800 -9999 -4900 -5000 -5100 -9999 -5200 -5300 -5400 -5500 -5600 -9999 -5700 -5800 -5900 -9999 -6000 -6100 -6200 -9999 -6300 -6400 -9999 -6500 -6500 -6600 -6700 -6700 -6800 -6800 -9999 -6900 -6900 -9999 -7000 -7000 -7000 -9999 -9999 -7100 -7100 -7100 -7100 -7100 -7100 -7100 -9999 -9999 -7000 -7000 -7000 -9999 -6900 -6900 -6900 -6800 -9999 -9999 -6700 -9999 -6600 -9999 -6500 -6500 -6400 -9999 -6300 -9999 -6200 -9999 -6100 -9999
-9999 -9999 -9999 -4700 -9999 -4800 -9999 -4900 -5000 -5100 -9999 -5200 -5300 -5400 -5500 -9999 -5600 -5700 -5800 -5800 -5900 -6000 -6100 -6100 -6200 -6300 -6300 -6400 -6400 -6500 -9999 -6600 -6700 -6700 -9999 -6800 -6800 -9999 -6900 -6900 -9999 -7000 -7000 -7000 -7000 -7000 -7000 -7000 -7000 -7000 -7000 -7000 -7000 -9999 -9999 -6900 -6900 -6900 -9999 -6800 -9999 -9999 -6700 -9999 -6600 -6600 -9999 -6500 -6400 -6400 -9999 -6300 -9999 -6200 -9999 -6100 -6000
-9999 -9999 -9999 -4700 -9999 -4800 -9999 -4900 -5000 -5100 -5100 -5200 -5300 -5400 -5400 -5500 -5600 -5700 -5700 -5800 -5900 -9999 -6000 -6100 -9999 -6200 -6300 -6300 -6400 -9999 -6500 -6600 -6600 -9999 -6700 -6700 -9999 -6800 -6800 -9999 -6900 -6900 -6900 -9999 -9999 -9999 -9999 -9999 -9999 -9999 -9999 -9999 -6900 -6900 -6900 -9999 -9999 -9999 -6800 -6800 -6700 -6700 -9999 -6600 -6600 -9999 -6500 -9999 -6400 -9999 -6300 -9999 -6200 -9999 -6100 -9999 -6000
-9999 -9999 -9999 -4700 -9999 -4800 -9999 -4900 -5000 -9999 -5100 -5200 -5300 -9999 -5400 -5500 -9999 -5600 -5700 -5800 -9999 -5900 -6000 -9999 -6100 -6200 -6200 -6300 -9999 -6400 -9999 -6500 -9999 -6600 -9999 -6700 -6700 -9999 -9999 -6800 -6800 -9999 -9999 -6900 -6900 -6900 -6900 -6900 -6900 -6900 -6900 -6900 -9999 -9999 -9999 -6800 -6800 -6800 -9999 -6700 -6700 -9999 -6600 -6600 -9999 -6500 -9999 -9999 -6400 -6300 -6300 -9999 -6200 -9999 -6100 -9999 -6000
-9999 -9999 -9999 -4700 -9999 -4800 -9999 -4900 -5000 -9999 -5100 -5200 -9999 -5300 -5400 -5500 -9999 -5600 -5700 -9999 -5800 -5900 -6000 -6000 -6100 -9999 -6200 -9999 -6300 -9999 -6400 -6500 -6500 -9999 -6600 -6600 -9999 -6700 -6700 -9999 -9999 -6800 -6800 -6800 -6800 -9999 -9999 -9999 -9999 -9999 -6800 -6800 -6800 -6800 -6800 -9999 -9999 -6700 -6700 -6700 -9999 -6600 -9999 -9999 -6500 -9999 -9999 -6400 -9999 -6300 -9999 -6200 -9999 -6100 -9999 -9999 -6000
-9999 -9999 -9999 -4700 -9999 -4800 -9999 -4900 -5000 -9999 -5100 -5200 -9999 -5300 -5400 -9999 -5500 -5600 -9999 -5700 -5800 -9999 -5900 -6000 -9999 -6100 -9999 -6200 -9999 -6300 -9999 -6400 -9999 -6500 -9999 -9999 -6600 -9999 -9999 -6700 -6700 -6700 -9999 -9999 -9999 -6800 -6800 -6800 -6800 -6800 -6800 -9999 -9999 -9999 -9999 -6700 -6700 -9999 -9999 -6600 -6600 -9999 -9999 -6500 -9999 -9999 -6400 -9999 -9999 -6300 -6200 -6200 -9999 -6100 -9999 -6000 -9999
-9999 -9999 -9999 -4700 -9999 -4800 -9999 -4900 -9999 -5000 -5100 -9999 -5200 -5300 -9999 -5400 -5500 -9999 -5600 -5700 -9999 -5800 -5900 -9999 -6000 -9999 -6100 -9999 -6200 -9999 -6300 -9999 -6400 -9999 -6500 -6500 -9999 -6600 -6600 -6600 -9999 -6700 -6700 -6700 -6700 -6700 -6700 -6700 -6700 -6700 -6700 -6700 -6700 -6700 -6700 -9999 -9999 -9999 -6600 -6600 -9999 -6500 -6500 -9999 -9999 -6400 -9999 -9999 -6300 -9999 -6200 -9999 -6100 -6100 -6000 -6000 -9999
-9999 -9999 -9999 -4700 -9999 -4800 -9999 -4900 -9999 -5000 -5100 -9999 -5200 -5300 -9999 -5400 -5500 -9999 -5600 -5700 -9999 -5800 -9999 -5900 -6000 -6000 -6100 -9999 -6200 -6200 -9999 -6300 -9999 -6400 -9999 -9999 -6500 -6500 -9999 -9999 -6600 -6600 -9999 -9999 -9999 -9999 -9999 -9999 -9999 -9999 -9999 -9999 -9999 -9999 -6600 -6600 -6600 -6600 -9999 -6500 -6500 -6500 -9999 -6400 -6400 -9999 -6300 -6300 -9999 -6200 -9999 -6100 -9999 -9999 -6000 -9999 -5900
