data/map/VenocoData/cont_maps/Projected_to_NAD83SP0404/01_BASEMENT_proj/01_rasterASCIIs/rastert_01_base_170.txt
ncols         245
nrows         245
xllcorner     1814489.1554518
yllcorner     538196.73930609
cellsize      170
NODATA_value  -9999
[rows 68 to 101 of 245, columns 0 to 76 of 245]
-9999 -9999 -9999 -600 -9999 -9999 -700 -800 -900 -9999 -1000 -1100 -1300 -1400 -1500 -1600 -1800 -1900 -2000 -2200 -2300 -2500 -2700 -2800 -9999 -9999 -9999 -9999 -9999 -9999 -9999 -9999 -9999 -9999 -9999 -9999 -9999 -9999 -5500 -9999 -5800 -9999 -6100 -9999 -9999 -9999 -9999 -6900 -9999 -7200 -9999 -7400 -9999 -9999 -9999 -7800 -8000 -9999 -9999 -9999 -8300 -9999 -9999 -9999 -8400 -8400 -9999 -8400 -9999 -8300 -9999 -8200 -9999 -8000 -7800 -9999 -7500
-9999 -9999 -9999 -600 -9999 -9999 -700 -9999 -800 -900 -1000 -1100 -1200 -1400 -1500 -1600 -1800 -1900 -2100 -2200 -2400 -2500 -2700 -2900 -3000 -3200 -3400 -3500 -3700 -3900 -4000 -4200 -4400 -4600 -4700 -4900 -5100 -5200 -5400 -5600 -5800 -5900 -6100 -6300 -6400 -6600 -6700 -6900 -7000 -7200 -7300 -7500 -7600 -7700 -7800 -7900 -8000 -8100 -8200 -8300 -9999 -8400 -8400 -9999 -8500 -8500 -8500 -8500 -9999 -8400 -9999 -8300 -8200 -8100 -7900 -7800 -7700
-9999 -9999 -9999 -9999 -9999 -9999 -9999 -9999 -9999 -9999 -9999 -9999 -9999 -1400 -9999 -9999 -9999 -1900 -9999 -9999 -9999 -9999 -9999 -9999 -9999 -9999 -9999 -9999 -9999 -4000 -9999 -4300 -9999 -9999 -9999 -9999 -9999 -9999 -9999 -9999 -9999 -9999 -9999 -9999 -9999 -9999 -9999 -9999 -9999 -7300 -9999 -9999 -9999 -9999 -9999 -8000 -9999 -9999 -8300 -9999 -8400 -9999 -8500 -9999 -8600 -8600 -9999 -8600 -9999 -8600 -9999 -8500 -9999 -8300 -8100 -9999 -7900
-9999 -9999 -9999 -600 -9999 -9999 -700 -9999 -800 -900 -1000 -1100 -1200 -1400 -1500 -1600 -1800 -1900 -2100 -2200 -2400 -2600 -2700 -2900 -3100 -3200 -3400 -3600 -3700 -3900 -4100 -4300 -4400 -4600 -4800 -5000 -5200 -5300 -5600 -5700 -5900 -6000 -6200 -6400 -6500 -6700 -6800 -7000 -7100 -7300 -7400 -7600 -7700 -7800 -7900 -8100 -8200 -8300 -8400 -8400 -8500 -9999 -8600 -9999 -8700 -8700 -9999 -8700 -9999 -8700 -8600 -8600 -8500 -8400 -8300 -8100 -8000
-9999 -600 -600 -9999 -9999 -9999 -9999 -9999 -9999 -9999 -9999 -9999 -9999 -9999 -9999 -9999 -9999 -9999 -9999 -9999 -2500 -9999 -2800 -9999 -9999 -9999 -9999 -9999 -9999 -9999 -9999 -9999 -9999 -4700 -9999 -5000 -9999 -9999 -9999 -9999 -9999 -9999 -9999 -9999 -9999 -9999 -9999 -9999 -9999 -7400 -9999 -9999 -9999 -7900 -9999 -8100 -8300 -9999 -8500 -9999 -8600 -9999 -8700 -9999 -8800 -8900 -9999 -8900 -9999 -8800 -9999 -8800 -9999 -8700 -8600 -8500 -8300
-9999 -9999 -9999 -9999 -9999 -9999 -700 -9999 -800 -900 -1000 -1200 -1300 -1400 -1500 -1700 -1800 -2000 -2100 -2300 -2400 -2600 -2800 -2900 -3100 -3300 -3500 -3600 -3800 -4100 -4200 -4400 -4500 -4700 -4900 -5000 -5200 -5400 -5600 -5700 -6000 -6100 -6300 -6400 -6600 -6800 -6900 -7100 -7200 -7400 -7500 -7700 -7800 -7900 -8100 -8200 -8300 -8400 -8500 -8600 -8700 -8700 -8800 -9999 -8900 -8900 -9999 -9000 -9999 -8900 -9999 -8900 -9999 -8800 -9999 -8700 -8400
-9999 -9999 -9999 -9999 -9999 -9999 -700 -9999 -9999 -9999 -1000 -9999 -9999 -9999 -9999 -9999 -9999 -2000 -9999 -9999 -9999 -9999 -9999 -9999 -9999 -9999 -3500 -9999 -3800 -9999 -9999 -9999 -9999 -9999 -9999 -5100 -9999 -5400 -9999 -9999 -9999 -9999 -9999 -9999 -9999 -9999 -9999 -9999 -9999 -7500 -9999 -7800 -9999 -8000 -8200 -8300 -8400 -8500 -8600 -8700 -8800 -8900 -8900 -9000 -9000 -9100 -9100 -9100 -9999 -9100 -9999 -9100 -9999 -9000 -8900 -8800 -8700
-9999 -9999 -9999 -9999 -9999 -700 -9999 -800 -900 -1000 -1100 -1200 -1300 -1500 -1600 -1700 -1900 -2000 -2200 -2300 -2600 -2700 -2900 -3000 -3200 -3300 -3500 -3700 -3900 -4000 -4200 -4500 -4600 -4800 -4900 -5100 -5300 -5500 -5600 -5800 -6100 -6200 -6400 -6500 -6700 -6800 -7000 -7200 -7300 -7500 -7600 -7800 -7900 -8000 -9999 -8300 -8500 -9999 -8700 -9999 -8900 -9999 -9000 -9999 -9100 -9999 -9200 -9200 -9999 -9300 -9999 -9200 -9999 -9200 -9999 -9000 -8800
-9999 -700 -700 -9999 -700 -9999 -800 -9999 -900 -9999 -1100 -1300 -9999 -9999 -9999 -1800 -9999 -9999 -9999 -9999 -9999 -9999 -9999 -9999 -9999 -9999 -9999 -9999 -9999 -4200 -9999 -9999 -9999 -4900 -5000 -5200 -5400 -5500 -5800 -5900 -6100 -6200 -6400 -6600 -6800 -6900 -7100 -7300 -7400 -7600 -7700 -7900 -8000 -8200 -8300 -8400 -8600 -8700 -8800 -8900 -9999 -9000 -9100 -9200 -9200 -9300 -9300 -9400 -9999 -9400 -9999 -9400 -9999 -9300 -9200 -9100 -9000
-9999 -9999 -9999 -9999 -800 -800 -9999 -900 -1000 -1100 -1200 -1300 -1400 -1600 -1700 -1800 -1900 -2100 -2200 -2400 -2600 -2700 -2900 -3100 -3300 -3400 -3600 -3700 -3900 -4100 -4300 -4500 -4600 -4800 -9999 -5200 -9999 -9999 -9999 -9999 -9999 -9999 -6500 -9999 -6800 -9999 -7100 -7400 -9999 -9999 -9999 -9999 -9999 -8200 -9999 -8400 -9999 -9999 -9999 -9999 -9000 -9999 -9200 -9999 -9300 -9999 -9400 -9500 -9999 -9500 -9999 -9500 -9999 -9500 -9999 -9400 -9200
-9999 -800 -800 -9999 -9999 -9999 -900 -9999 -1000 -9999 -1200 -1400 -9999 -1600 -1700 -1900 -2000 -2200 -2300 -2500 -2700 -2800 -3000 -3100 -3300 -3500 -3600 -3800 -4000 -4200 -4300 -4600 -4700 -4900 -5100 -5200 -5400 -5600 -5900 -6000 -6200 -6300 -6500 -6700 -6800 -7000 -7200 -7300 -7500 -7700 -7800 -8000 -8100 -8200 -8400 -8500 -8600 -8700 -8900 -9000 -9100 -9200 -9999 -9300 -9400 -9999 -9500 -9600 -9600 -9600 -9999 -9600 -9999 -9600 -9999 -9500 -9400
-9999 -9999 -9999 -9999 -900 -900 -1000 -1000 -1100 -1200 -1300 -1400 -1500 -1700 -9999 -9999 -9999 -2200 -9999 -9999 -9999 -9999 -9999 -9999 -9999 -9999 -9999 -9999 -4000 -4300 -9999 -9999 -9999 -9999 -9999 -5300 -9999 -5600 -9999 -9999 -9999 -9999 -9999 -9999 -9999 -9999 -7200 -9999 -9999 -9999 -9999 -9999 -9999 -8300 -9999 -9999 -9999 -9999 -9999 -9999 -9999 -9999 -9300 -9999 -9999 -9999 -9600 -9700 -9999 -9700 -9999 -9800 -9999 -9800 -9999 -9700 -9600
-9999 -900 -900 -9999 -9999 -1000 -9999 -1100 -1200 -1300 -1300 -1500 -1600 -1700 -1800 -2000 -2100 -2300 -2400 -2500 -2800 -2900 -3100 -3200 -3400 -3500 -3700 -3900 -4100 -4200 -4400 -4600 -4800 -5000 -5100 -5300 -5500 -5700 -5800 -6000 -6300 -6400 -6600 -6700 -6900 -7100 -7200 -7400 -7500 -7800 -7900 -8100 -8200 -8300 -8500 -8600 -8700 -8800 -9000 -9100 -9200 -9300 -9400 -9500 -9500 -9600 -9700 -9800 -9999 -9800 -9999 -9900 -9999 -9900 -9800 -9800 -9700
-9999 -9999 -9999 -9999 -1000 -9999 -1100 -9999 -1200 -9999 -1400 -1600 -9999 -1800 -9999 -9999 -9999 -2300 -9999 -9999 -9999 -9999 -9999 -9999 -9999 -9999 -9999 -9999 -9999 -4400 -9999 -4700 -9999 -9999 -9999 -9999 -9999 -5700 -6000 -9999 -9999 -9999 -9999 -9999 -9999 -9999 -9999 -9999 -9999 -9999 -9999 -9999 -9999 -8400 -9999 -9999 -9999 -9999 -9100 -9999 -9300 -9999 -9999 -9999 -9600 -9999 -9999 -9999 -9999 -9900 -9999 -10000 -9999 -10000 -9999 -10000 -9900
-9999 -1000 -1000 -9999 -1100 -9999 -1200 -9999 -1300 -1400 -1500 -1600 -1700 -1800 -2000 -2100 -2200 -2400 -2500 -2600 -2900 -3000 -3200 -3300 -3500 -3600 -3800 -4000 -4100 -4300 -4500 -4700 -4800 -5000 -5200 -5400 -5600 -5700 -5900 -6100 -6300 -6400 -6700 -6800 -7000 -7100 -7300 -7500 -7600 -7900 -8000 -8100 -8300 -8400 -8600 -8700 -8800 -8900 -9100 -9200 -9300 -9400 -9500 -9600 -9700 -9999 -9800 -9900 -9999 -10000 -9999 -10100 -9999 -10100 -9999 -10100 -10000
-9999 -9999 -1100 -9999 -9999 -9999 -9999 -9999 -9999 -9999 -1500 -1700 -9999 -1900 -9999 -9999 -9999 -2400 -9999 -9999 -9999 -9999 -9999 -9999 -9999 -9999 -9999 -9999 -9999 -9999 -9999 -4800 -9999 -5100 -9999 -9999 -9999 -9999 -9999 -6100 -6400 -9999 -9999 -9999 -9999 -9999 -9999 -9999 -9999 -9999 -9999 -8200 -9999 -9999 -9999 -9999 -9999 -9999 -9200 -9999 -9400 -9999 -9999 -9700 -9800 -9999 -9900 -10000 -9999 -10100 -9999 -10200 -9999 -10200 -9999 -10200 -10200
-9999 -1100 -9999 -9999 -1200 -9999 -1300 -1400 -1400 -1500 -1600 -1700 -1800 -2000 -2100 -2200 -2300 -2500 -2600 -2700 -2900 -3000 -3300 -3400 -3600 -3700 -3900 -4000 -4200 -4500 -4600 -4700 -4900 -5100 -5300 -5400 -5600 -5800 -6000 -6200 -6300 -6500 -6700 -6900 -7000 -7200 -7400 -7500 -7700 -7900 -8000 -8200 -8300 -8500 -8600 -8800 -8900 -9000 -9200 -9300 -9400 -9500 -9600 -9999 -9800 -9999 -9999 -9999 -9999 -9999 -9999 -9999 -9999 -10300 -9999 -10300 -10200
-9999 -9999 -1200 -9999 -9999 -9999 -9999 -9999 -1500 -9999 -9999 -9999 -9999 -9999 -9999 -9999 -9999 -2500 -9999 -2800 -9999 -9999 -9999 -9999 -9999 -9999 -9999 -9999 -9999 -9999 -9999 -9999 -9999 -5200 -9999 -5500 -9999 -9999 -9999 -9999 -9999 -9999 -6800 -7000 -7100 -7300 -7400 -7600 -7700 -8000 -8100 -8300 -8400 -8500 -8700 -8800 -9000 -9100 -9200 -9400 -9500 -9600 -9700 -9800 -9900 -9999 -10000 -10100 -10200 -10200 -10300 -10300 -9999 -9999 -9999 -9999 -10300
-9999 -1200 -9999 -9999 -1300 -9999 -1400 -1500 -1600 -9999 -1700 -1800 -1900 -2100 -2200 -2300 -2400 -2600 -2700 -2800 -3000 -3100 -3400 -3500 -3600 -3800 -3900 -4100 -4300 -4500 -4600 -4900 -5000 -5200 -5300 -5500 -5700 -5900 -6000 -6200 -6500 -6600 -6700 -6900 -9999 -9999 -9999 -9999 -9999 -9999 -9999 -9999 -9999 -8600 -9999 -9999 -9999 -9100 -9300 -9999 -9500 -9999 -9700 -9999 -9999 -9999 -9999 -9999 -9999 -9999 -9999 -9999 -9999 -10400 -9999 -10400 -9999
-9999 -9999 -1300 -9999 -1400 -9999 -1500 -9999 -1600 -9999 -1800 -9999 -9999 -9999 -9999 -2400 -9999 -2600 -9999 -2900 -9999 -9999 -9999 -3500 -3700 -3900 -4000 -4200 -4400 -4500 -4700 -4900 -5000 -5200 -5400 -5600 -5700 -5900 -6100 -6300 -6500 -6600 -6800 -7000 -7100 -7300 -7500 -7700 -7800 -8000 -8100 -8300 -8500 -8600 -8700 -8900 -9000 -9200 -9300 -9400 -9500 -9600 -9700 -9800 -9900 -10000 -10100 -10200 -9999 -10300 -9999 -10400 -9999 -9999 -9999 -9999 -10400
-9999 -1300 -1400 -1400 -9999 -1500 -9999 -1600 -1700 -1800 -1900 -2000 -2100 -2200 -2300 -2400 -2500 -2700 -2800 -2900 -3100 -3200 -3400 -9999 -9999 -9999 -9999 -9999 -9999 -9999 -9999 -5000 -9999 -5300 -9999 -9999 -9999 -9999 -9999 -9999 -9999 -9999 -6900 -9999 -7200 -9999 -7500 -9999 -7800 -8100 -9999 -9999 -9999 -9999 -9999 -8900 -9999 -9999 -9999 -9999 -9600 -9999 -9999 -9999 -9999 -9999 -10100 -9999 -9999 -9999 -9999 -9999 -9999 -10500 -9999 -10500 -9999
-9999 -1400 -9999 -1500 -1500 -1600 -1600 -1700 -1800 -1900 -1900 -2100 -2200 -2300 -2400 -2500 -2600 -2800 -2900 -3000 -3200 -3300 -3500 -3600 -3800 -3900 -4100 -4300 -4400 -4600 -4700 -4900 -5100 -5300 -5500 -5600 -5800 -6000 -6200 -6300 -6600 -6700 -6900 -7000 -7200 -7400 -7500 -7700 -7900 -8000 -8200 -8400 -8500 -8700 -8800 -8900 -9100 -9200 -9400 -9500 -9600 -9700 -9800 -9900 -10000 -10100 -9999 -10200 -10300 -9999 -10400 -9999 -10500 -9999 -9999 -10500 -9999
-9999 -9999 -1500 -9999 -1600 -9999 -1700 -9999 -1800 -9999 -2000 -9999 -9999 -9999 -9999 -9999 -9999 -2800 -9999 -9999 -9999 -3300 -3600 -9999 -9999 -9999 -9999 -9999 -9999 -9999 -9999 -9999 -9999 -9999 -9999 -5700 -9999 -6000 -9999 -9999 -9999 -9999 -9999 -9999 -9999 -9999 -9999 -9999 -9999 -9999 -9999 -9999 -9999 -8700 -9999 -9999 -9999 -9200 -9999 -9999 -9999 -9999 -9999 -9999 -10000 -9999 -9999 -10300 -9999 -10400 -9999 -9999 -9999 -9999 -9999 -9999 -10500
-9999 -1500 -9999 -1600 -9999 -1700 -1800 -9999 -1900 -2000 -2100 -2200 -2200 -2400 -2500 -2600 -2700 -2900 -3000 -3100 -3300 -3400 -3600 -3700 -3900 -4000 -4200 -4300 -4500 -4700 -4800 -5100 -5200 -5400 -5500 -5700 -5900 -6000 -6200 -6400 -6600 -6700 -6900 -7100 -7200 -7400 -7600 -7700 -7900 -8100 -8200 -8400 -8500 -8700 -8800 -9000 -9100 -9300 -9400 -9500 -9600 -9700 -9800 -9900 -10000 -10100 -10200 -10300 -9999 -10400 -9999 -10500 -9999 -9999 -9999 -9999 -9999
-9999 -1600 -1600 -9999 -1700 -9999 -1800 -9999 -9999 -9999 -2100 -9999 -2300 -2500 -9999 -2700 -9999 -2900 -9999 -9999 -9999 -3400 -3700 -9999 -9999 -9999 -9999 -9999 -9999 -9999 -9999 -9999 -9999 -9999 -9999 -9999 -9999 -9999 -9999 -9999 -6700 -9999 -7000 -9999 -7300 -9999 -7600 -9999 -7900 -9999 -9999 -9999 -9999 -9999 -9999 -9000 -9999 -9999 -9999 -9999 -9999 -9999 -9999 -9999 -9999 -9999 -10200 -9999 -9999 -9999 -9999 -9999 -9999 -9999 -9999 -9999 -9999
-9999 -9999 -9999 -1700 -1800 -1800 -1900 -9999 -2000 -2100 -2200 -2300 -2400 -2500 -2600 -2700 -2800 -3000 -3100 -3200 -3400 -3500 -3700 -3800 -4000 -4100 -4300 -4400 -4600 -4800 -4900 -5100 -5200 -5500 -5600 -5800 -5900 -6100 -6300 -6400 -6600 -6800 -7000 -7100 -7300 -7500 -7600 -7800 -7900 -8200 -8300 -8400 -8600 -8700 -8900 -9000 -9200 -9300 -9400 -9500 -9700 -9800 -9900 -10000 -10100 -9999 -10200 -10300 -10400 -9999 -10500 -9999 -9999 -10600 -9999 -10600 -9999
-9999 -1700 -9999 -9999 -9999 -9999 -9999 -9999 -2100 -9999 -9999 -9999 -2400 -2600 -9999 -2800 -9999 -9999 -9999 -9999 -9999 -3500 -3800 -9999 -9999 -9999 -9999 -9999 -9999 -9999 -9999 -9999 -9999 -9999 -9999 -9999 -9999 -9999 -9999 -9999 -9999 -9999 -9999 -9999 -9999 -9999 -9999 -9999 -9999 -9999 -9999 -8500 -9999 -8800 -8900 -9000 -9200 -9300 -9500 -9600 -9700 -9800 -9900 -10000 -10100 -10200 -10300 -9999 -10400 -9999 -10500 -9999 -10600 -9999 -9999 -9999 -9999
-9999 -9999 -1800 -1800 -1900 -9999 -2000 -2100 -9999 -2200 -2300 -2400 -2500 -2600 -2700 -2800 -2900 -3100 -3200 -3300 -3500 -3600 -3700 -3900 -4100 -4200 -4400 -4500 -4700 -4800 -5000 -5100 -5300 -5500 -5600 -5800 -6000 -6200 -6300 -6500 -6700 -6800 -7000 -7200 -7300 -7500 -7700 -7800 -8000 -8100 -8300 -8400 -8600 -8700 -9999 -9999 -9999 -9999 -9999 -9999 -9999 -9999 -9999 -9999 -10100 -9999 -9999 -9999 -9999 -9999 -9999 -9999 -9999 -9999 -9999 -9999 -9999
-9999 -1800 -9999 -1900 -9999 -9999 -2100 -9999 -2200 -9999 -9999 -9999 -2500 -2700 -9999 -2900 -9999 -9999 -9999 -3400 -9999 -9999 -3900 -9999 -9999 -9999 -9999 -9999 -4700 -9999 -5000 -5300 -9999 -5600 -5700 -5900 -6000 -6200 -6400 -6500 -6800 -6900 -7100 -7200 -7400 -7500 -7700 -7800 -8000 -8200 -8300 -8500 -8600 -8800 -8900 -9100 -9200 -9300 -9500 -9600 -9700 -9800 -9900 -10000 -10100 -10200 -10300 -9999 -10400 -10500 -9999 -10600 -9999 -9999 -9999 -9999 -9999
-9999 -1900 -1900 -9999 -2000 -9999 -2100 -2200 -9999 -2300 -2400 -2500 -2600 -2700 -2800 -3000 -3100 -3200 -3300 -3400 -3600 -3700 -3800 -4000 -4200 -4300 -4400 -4600 -4700 -4900 -5100 -5200 -5400 -9999 -9999 -9999 -9999 -9999 -9999 -9999 -9999 -9999 -9999 -9999 -7400 -9999 -7700 -9999 -9999 -9999 -9999 -9999 -9999 -9999 -9999 -9999 -9999 -9999 -9999 -9999 -9999 -9999 -9999 -9999 -9999 -9999 -9999 -9999 -10400 -9999 -9999 -10600 -9999 -9999 -9999 -9999 -9999
-9999 -9999 -9999 -2000 -2100 -9999 -2200 -9999 -2300 -9999 -2500 -9999 -9999 -2800 -2900 -3000 -3200 -3300 -3400 -3500 -3700 -3800 -4000 -4100 -4200 -4400 -4500 -4700 -4800 -5000 -5100 -5300 -5400 -5600 -5800 -5900 -6100 -6200 -6400 -6600 -6700 -6900 -7100 -7200 -7400 -7500 -7700 -7900 -8000 -8200 -8300 -8500 -8600 -8800 -8900 -9100 -9200 -9300 -9500 -9600 -9700 -9800 -9900 -10000 -10100 -10200 -10300 -10400 -9999 -10500 -9999 -10600 -9999 -9999 -9999 -10700 -9999
-9999 -2000 -2000 -9999 -2100 -9999 -2200 -2300 -2400 -9999 -2500 -2600 -2700 -2900 -9999 -3100 -9999 -3300 -9999 -9999 -9999 -3800 -9999 -9999 -4300 -9999 -9999 -9999 -9999 -9999 -5100 -5400 -9999 -5700 -9999 -9999 -9999 -9999 -9999 -9999 -9999 -9999 -9999 -9999 -9999 -9999 -9999 -9999 -9999 -9999 -9999 -9999 -9999 -9999 -9999 -9999 -9999 -9999 -9999 -9999 -9999 -9999 -9999 -9999 -9999 -9999 -9999 -9999 -9999 -9999 -9999 -9999 -9999 -9999 -9999 -9999 -9999
-9999 -2100 -9999 -2100 -2200 -2300 -2300 -2400 -2500 -9999 -2600 -2700 -2800 -2900 -3000 -3100 -3300 -3400 -3500 -3600 -3700 -3900 -4000 -4100 -4300 -4400 -4600 -4700 -4900 -5000 -5200 -5300 -5500 -5700 -5800 -6000 -6100 -6300 -6500 -6600 -6800 -6900 -7100 -7300 -7400 -7600 -7700 -7900 -8000 -8200 -8300 -8500 -8600 -8800 -8900 -9100 -9200 -9300 -9500 -9600 -9700 -9800 -9900 -10000 -10100 -10200 -10300 -10400 -9999 -10500 -9999 -10600 -9999 -10700 -9999 -9999 -9999
-9999 -2100 -9999 -2200 -9999 -9999 -2400 -9999 -2500 -9999 -9999 -9999 -9999 -3000 -9999 -3200 -9999 -3400 -9999 -9999 -9999 -3900 -9999 -9999 -4400 -9999 -9999 -9999 -4900 -9999 -5200 -9999 -9999 -9999 -9999 -9999 -9999 -9999 -9999 -6600 -6900 -9999 -9999 -9999 -9999 -9999 -9999 -9999 -9999 -9999 -9999 -9999 -9999 -9999 -9999 -9999 -9999 -9999 -9999 -9999 -9999 -9999 -9999 -9999 -9999 -9999 -9999 -9999 -9999 -9999 -9999 -9999 -9999 -10700 -9999 -9999 -9999
