data/map/CA_DEM/n36-37w121-122_merge_Resmp_ASCII/n36-37w121-122_merge_resmp_ascii.txt
ncols         617
nrows         753
xllcorner     1726034.5889377
yllcorner     463271.64830039
cellsize      300
NODATA_value  -9999
[rows 124 to 154 of 753, columns 420 to 489 of 617]
150.9697 146.1974 141.4781 137.082 131.9941 127.7579 124.9266 123.2535 122.7307 122.0981 121.4246 120.6867 120.0211 119.4051 118.4307 117.2604 116.1978 115.2529 115.2056 114.6852 113.9164 105.8024 112.2982 111.2003 110.3157 109.4974 108.4301 107.1968 106.5341 105.8094 105.0421 104.4606 103.296 103.1961 101.91 100.7123 99.78011 98.59264 97.31503 96.15651 95.12715 94.0764 93.03207 92.19933 91.20812 90.3493 89.09765 87.81248 86.76099 85.65289 84.26761 83.22821 82.24139 81.15342 80.01965 79.1602 78.26568 77.31548 76.12776 75.14104 74.15323 73.20009 72.16098 71.25871 70.25941 69.36243 68.359 67.80056 67.05683 66.3589
153.6653 148.6713 143.4011 138.9627 134.1381 129.605 126.4831 125.0826 124.446 123.8613 123.1274 122.0115 121.0963 120.3979 119.7299 119.0127 118.2827 117.0865 116.8966 116.4165 115.441 109.8674 113.4337 111.9969 111.187 110.3749 109.2916 108.1131 107.3356 106.5192 105.7962 105.1449 104.2872 104.169 102.8911 101.3973 100.2213 98.99197 97.79893 96.65495 95.53919 94.41058 93.39689 92.56799 91.62292 90.80845 89.07304 87.86121 86.99447 86.0633 84.72755 83.33335 81.99809 81.05318 79.85825 79.00523 78.10744 77.16149 76.18776 75.15533 74.25996 73.36005 72.34544 71.30977 70.26797 69.25965 68.45901 67.759 67.06011 66.35778
155.9977 151.0861 145.4547 140.716 135.9532 131.5215 128.5264 126.8359 126.0485 125.1687 124.3894 123.1653 122.1893 121.2742 120.6001 120.0968 119.7035 118.8141 118.296 111.7601 116.4238 115.277 114.0991 112.9984 112.1918 111.1732 110.0507 109.0973 108.3012 107.5547 107.596 105.924 105.9369 105.5174 103.4132 101.9089 100.5914 99.36182 98.17414 96.9235 95.89318 94.84833 93.60989 92.69624 91.78745 90.84731 88.99612 87.89417 86.976 86.15719 84.89853 83.2009 81.71648 80.65655 79.65897 78.86155 78.02454 77.14542 76.2999 75.21536 74.43127 73.49361 72.30704 71.36307 70.35923 69.3001 68.55901 67.859 67.13644 66.256
158.4484 152.9303 147.4992 142.3481 137.8182 133.0559 129.9569 128.1168 127.2939 126.5204 125.643 124.2637 123.2508 122.369 121.548 120.996 120.6501 119.796 118.0637 112.9119 116.7 115.8408 114.8054 113.9817 113.1516 112.1004 110.8711 109.911 109.2511 108.596 108.2481 107.8102 107.2439 105.8038 103.7453 102.3917 100.9014 99.59687 98.48333 97.22586 96.09728 95.09545 93.91213 92.75147 91.79701 90.81463 89.37009 87.92646 86.85806 86.15884 84.75935 83.39471 81.98186 80.85423 79.75883 78.95701 78.04886 76.99379 76.43745 75.26009 74.55948 73.75668 72.52134 71.44411 70.39732 69.3675 68.6692 67.95901 67.15939 66.26297
160.6537 154.8321 149.3149 143.8866 139.2868 134.6722 131.2132 129.4024 128.5068 127.8995 126.8983 125.5905 124.5067 123.8775 123.2739 122.6205 121.6962 116.3918 115.9835 118.0837 117.3555 116.4002 115.5093 114.6965 113.9575 113.0274 111.7105 110.7964 110.1073 109.3828 109.0041 107.9268 106.8034 105.6211 103.9964 102.6017 101.2064 99.70725 98.5512 97.25813 96.17467 95.23175 93.90096 92.86567 91.8962 90.91457 89.32691 87.97558 86.90073 86.26033 84.83458 83.47875 82.35316 81.05984 80.05989 79.26122 78.36332 77.22236 76.5773 75.39141 74.66013 73.9601 72.78235 71.65926 70.60925 69.70743 68.95947 68.19495 67.32909 66.44133
162.3217 156.3576 150.7007 145.1624 140.3568 135.9059 131.948 130.4797 129.8152 129.0309 128.1086 127.0793 125.9059 125.1911 124.4211 123.4957 122.7906 116.9088 119.369 118.8966 117.8989 117.098 116.2992 115.3405 114.4967 113.7957 112.7093 111.7415 110.814 110.496 109.4996 108.0142 106.7915 105.596 104.3012 102.895 101.3589 99.69843 98.55769 97.08385 96.13174 95.29688 93.90675 92.93102 92.03768 91.09522 89.35815 87.98997 86.81655 86.05906 84.81432 83.60281 82.61182 81.3613 80.55879 79.70957 78.75996 77.66093 76.75301 75.66312 74.76956 74.0404 73.0136 71.96419 71.05901 70.08633 69.35895 68.45976 67.72771 66.55961
163.9875 157.6508 151.2914 145.8862 141.4761 136.5597 133.1062 131.4309 130.9336 130.194 129.3082 128.393 127.4095 126.0975 125.4728 120.4898 123.2893 122.0038 120.8116 119.7838 118.6065 117.6525 116.8703 116.0027 115.0966 114.4963 113.578 112.4911 111.6152 110.9069 109.8044 108.1904 106.8609 105.6388 104.396 103.1225 101.6443 99.70203 98.61615 97.42886 96.29692 95.21078 93.92194 93.0356 92.19817 91.1721 89.66895 88.08931 86.9376 85.89362 84.89874 83.93311 82.97456 81.86098 80.95759 80.07738 79.14601 78.07797 76.76225 75.66933 74.80599 74.05917 73.25913 72.41862 71.24465 70.25905 69.4603 68.57874 67.69939 66.55762
164.9881 158.4967 151.9801 146.4487 141.9752 137.4157 134.2151 132.8228 132.1914 131.3455 130.494 129.3949 128.3747 127.0447 119.5925 124.9965 123.5958 122.4946 121.5967 120.4028 119.2222 118.1905 117.5153 116.7145 116.0775 115.2964 114.4064 113.141 111.997 111.0964 109.9073 108.3999 107.0148 105.8892 104.4853 103.6581 101.6792 99.79623 98.70786 97.56035 96.41647 95.38808 94.04984 93.10636 92.27991 91.09716 89.72785 88.47655 87.42159 86.20149 85.22247 84.26185 83.3532 82.40221 81.46605 80.5878 79.66483 78.56361 77.07625 75.99037 75.0597 74.16323 73.33887 72.49189 71.36001 70.32121 69.35765 68.55901 67.65713 66.55927
165.8043 159.2282 152.6867 147.4351 142.8986 138.2601 135.6261 134.5016 133.6822 132.5014 131.3978 130.2541 127.2528 122.6831 127.0221 125.5429 124.1992 123.2023 122.1983 121.2563 120.1018 119.1584 118.3861 117.7576 116.904 115.9085 114.8258 113.6008 112.4912 111.4057 110.2003 108.9974 107.4912 106.4487 105.0585 104.2972 101.5973 99.79688 98.70229 97.57638 96.43307 95.4946 94.26537 93.28004 92.41841 91.29949 90.06475 88.89392 87.66281 86.49603 85.47694 84.64999 83.71588 82.99075 81.98176 81.04003 80.0596 78.87394 77.34476 76.25923 75.35972 74.28342 73.44847 72.50457 71.35935 70.23964 69.19476 68.50916 67.65917 66.68693
166.5366 160.2733 153.7003 148.5315 143.9821 139.6701 136.9011 135.9063 135.1619 133.4938 129.4679 127.2902 127.175 128.6952 127.6995 126.7009 125.2253 123.9597 123.0392 122.2738 121.2942 120.2578 119.5005 118.6707 117.5991 116.3977 115.2897 114.1167 112.9962 111.903 110.5828 109.6615 108.3267 106.9544 105.487 104.196 102.0299 100.2089 98.81694 97.63364 96.49971 95.59705 94.39616 93.39503 92.60262 91.63187 90.38644 89.26191 87.86952 86.75909 85.69955 84.80099 83.97039 83.25819 82.25892 81.16544 80.15732 78.98306 77.45987 76.42366 75.56018 74.55794 73.55816 72.46912 71.34058 70.15601 69.15907 68.53223 67.859 67.05588
167.1426 161.3415 155.3102 149.7029 145.2931 140.8814 137.5344 136.0285 135.4407 130.125 131.3085 131.5641 130.5059 129.7093 128.6998 127.5968 126.0013 124.7805 123.8322 123.174 122.4899 121.5973 120.8007 119.6762 118.3904 117.0987 115.931 114.8215 113.5892 112.5975 111.4295 110.1583 108.805 107.3135 105.7934 104.2162 102.2855 100.7094 99.3342 97.91875 96.69951 95.69613 94.59759 93.56537 92.79681 91.88773 90.76273 89.544 88.24773 87.06403 86.01025 84.99767 84.08755 83.36057 82.4159 81.15682 79.95158 78.54441 77.56291 76.30503 75.29527 74.46022 73.52675 72.50942 71.35557 70.31882 69.33313 68.71619 68.10474 67.3696
167.416 161.5607 156.2512 150.9745 146.6054 141.9595 138.8194 133.6055 135.2596 133.6827 133.8083 132.8776 132.0976 131.1917 130.2471 128.9741 127.664 126.589 125.3147 124.3002 123.7638 122.7224 121.8974 120.5992 119.2475 117.9043 116.6018 115.597 114.4931 113.3244 112.2002 110.773 109.1127 107.5135 105.9571 104.6073 102.8181 101.1682 100.002 98.51391 96.92159 95.84821 94.80661 93.86025 93.0289 92.34863 90.97507 89.86 88.79701 87.59355 86.33717 85.2595 84.25794 83.42799 82.44045 81.25188 80.32075 79.12518 77.74893 76.35903 75.36186 74.4048 73.45965 72.55925 71.51672 70.47466 69.60081 68.95914 68.34395 67.70636
167.0333 161.6356 156.3863 151.5694 147.1727 142.9816 139.5282 139.7359 136.7726 136.2231 135.1897 134.1277 133.2476 132.576 131.8043 130.593 129.554 128.5697 127.4584 126.2024 125.5 124.4811 123.1041 121.397 120.153 118.9748 117.7035 116.416 115.2975 114.0557 112.7497 111.2234 109.6467 108.1603 106.647 105.1208 103.9025 102.0166 100.7392 99.37186 97.85027 96.50685 95.32507 94.29839 93.45343 92.45427 91.08475 90.00734 88.92259 87.67576 86.5487 85.45947 84.37057 83.46 82.45065 81.25944 80.35843 79.35574 77.79343 76.25874 75.35938 74.38525 73.5065 72.66315 71.73819 70.69073 69.96273 69.21323 68.54637 67.85899
166.5471 161.6794 156.5046 151.9929 147.835 143.9429 141.1024 140.1794 138.8324 137.946 136.3818 135.6941 134.7985 133.9823 132.9989 131.9193 130.7742 129.6956 128.7058 128.1977 127.2868 125.8367 124.3671 122.6277 121.2774 120.0329 118.7971 117.3272 115.9686 114.5876 113.2543 111.9011 110.3155 108.8975 107.4483 105.9244 104.4004 103.0122 101.6042 100.2177 98.7923 97.17815 95.93628 94.8118 93.90852 92.55339 91.007 90.12343 88.77557 87.55498 86.74532 85.67094 84.47886 83.45605 82.36452 81.25829 80.14272 79.20148 77.72203 76.03258 75.35905 74.46136 73.62505 72.85909 71.98978 71.01614 70.35986 69.67835 68.95943 68.05901
166.3676 161.4848 156.5903 151.8655 147.7627 144.6794 143.2889 141.3908 140.2306 139.0983 138.1992 137.3903 136.6977 135.7334 134.4233 133.1885 131.5983 130.5964 129.7974 129.0476 127.9829 126.6304 125.0236 123.6927 122.4042 121.029 119.8184 118.443 116.6993 115.3953 113.9704 112.637 111.308 109.8915 108.472 106.9922 105.3962 104.0838 102.5677 100.9851 99.51895 97.89855 96.42491 95.07967 93.99648 92.78407 91.36194 90.28384 89.06066 88.15907 87.15698 86.14874 84.49827 83.41344 82.27016 81.15946 80.25647 79.16532 78.12939 75.75903 75.4612 74.76324 73.87586 73.29523 72.42251 71.98731 70.90398 70.09016 69.06048 67.62775
166.2279 161.273 156.8327 151.6555 147.6025 144.7876 142.9211 142.656 141.6741 140.3519 139.4977 139.1053 138.2998 137.1527 135.682 134.0571 132.7876 131.7983 130.9097 129.8048 128.5853 127.299 125.9999 124.7981 123.6004 122.3025 121.2119 119.7017 118.323 116.4869 115.2772 113.6344 112.2984 110.8892 109.5706 108.2972 106.6575 105.049 103.4109 101.715 100.0018 98.2646 96.97971 95.41632 94.1535 92.86137 91.6591 90.45634 88.99058 87.83529 86.88554 85.47991 84.38597 82.8598 82.04963 81.05666 80.05206 79.05898 78.15094 77.06073 75.959 75.44442 74.45905 73.95902 72.83408 71.97972 70.75745 69.78572 68.72521 67.48834
166.1565 160.8263 156.4307 151.6425 147.5126 144.7178 144.814 143.853 143.121 141.6742 140.7967 140.0965 139.2471 137.7819 136.3915 134.7977 133.7977 132.9035 132.02 130.955 129.8736 128.769 127.6181 126.4169 125.2339 124.1022 123.019 121.2528 120.081 118.659 116.8811 115.3497 113.576 112.2099 110.7197 109.6426 108.1125 106.084 104.2225 102.302 100.4678 98.71436 97.23771 95.88279 94.60138 93.27209 91.90525 90.368 88.83651 87.68543 86.70988 85.37 84.45903 82.85914 81.99325 80.95957 79.85904 78.95884 78.0616 77.071 76.14314 75.45901 74.40108 73.47164 72.55973 71.45075 70.36149 69.359 68.45856 67.50174
166.6759 160.3675 155.6518 151.4843 148.1135 144.397 146.1969 145.8762 144.4988 143.9642 141.8481 140.5964 139.2881 137.908 136.846 135.5023 134.6962 133.9976 133.2895 132.4982 131.8973 131.5534 130.3259 129.1957 128.3372 127.143 125.3711 123.9962 122.9267 121.136 119.4738 118.1861 115.9151 113.7529 112.6291 111.4613 109.7818 107.2471 105.2908 103.2731 101.1897 99.53538 98.19846 96.6263 95.22513 93.62509 92.05895 90.37576 88.89452 87.76173 86.76772 85.66086 84.55915 83.21025 82.15968 81.03931 79.80147 78.86399 77.95998 77.04204 76.1562 75.25935 74.23174 73.08429 72.05839 71.32179 70.37447 69.24574 68.31976 67.42363
166.5308 159.6293 154.7482 151.4366 147.0868 147.0432 148.0541 147.598 145.6765 144.065 142.3957 141.2995 140.3135 139.442 138.1445 137.1016 136.398 135.5462 134.6484 134.1831 133.7039 134.0931 133.5512 132.1798 131.3005 130.0972 128.3519 126.4644 125.0924 123.9192 122.0193 120.9624 118.91 116.0674 114.6441 113.4068 112.002 109.6605 107.5104 104.9489 102.9203 101.0087 99.37818 97.6245 95.64896 94.01067 92.08234 90.55714 89.06082 87.88078 86.84676 85.75548 84.75939 83.47063 82.28797 81.15908 79.95208 78.92937 77.88933 76.85975 76.14152 75.3312 74.19273 73.0624 72.06566 71.3343 70.44907 69.3564 68.42313 67.53545
165.3538 158.6358 153.9878 151.449 147.1502 150.5367 150.2446 149.0918 147.0489 145.4227 143.5518 142.3237 142.2967 142.4219 140.5661 139.7579 138.7889 138.7177 137.3646 137.2487 136.6705 137.5196 136.8353 135.9494 134.6703 133.1858 130.2436 128.5973 127.3703 126.6744 125.2159 123.9066 121.7278 119.4802 118.2236 115.3614 114.0153 112.0599 109.386 106.5644 104.6319 102.5938 100.5754 98.65074 96.61814 94.49224 92.48134 91.3103 89.53822 88.24923 86.99777 85.79333 84.8756 83.687 82.55998 81.39829 80.1384 78.95898 77.90188 76.85902 76.14003 75.35873 74.35948 73.35828 72.18224 71.35017 70.53823 69.42122 68.68194 67.5581
163.1718 157.5012 153.8369 150.6286 150.6376 152.5804 152.4215 150.2614 149.7125 146.5246 145.9664 143.8485 146.3729 147.1994 145.8004 144.1018 143.1413 142.0222 139.9316 140.1846 139.481 140.6825 140.2122 139.4417 138.2502 136.4752 134.4595 132.2391 131.4562 129.7935 128.1389 127.0872 125.1432 122.1933 120.7809 118.9822 115.8534 113.4412 110.6544 108.399 106.4512 103.8377 102.0283 100.0939 97.81087 95.52166 93.46821 91.93675 90.28191 88.60848 87.17152 85.93798 85.04789 83.79175 82.62477 81.43832 80.04826 78.99518 77.86803 76.87837 76.15948 75.35977 74.47034 73.55911 72.45824 71.40599 70.55838 69.54062 68.49384 67.65911
156.3114 155.875 152.8969 153.0111 155.9316 155.7303 157.7832 159.031 156.626 154.9209 157.6095 153.8448 151.332 152.0256 150.7912 149.1581 147.4637 145.2414 143.5812 142.9391 142.8268 143.6543 143.484 142.7027 141.6764 137.8379 136.3965 135.1942 134.6324 133.1519 131.3301 129.5877 127.6445 125.0609 122.7975 121.3822 117.4411 115.0809 112.1548 110.1848 108.3906 106.0735 103.3996 101.5738 99.11692 97.02716 94.6478 92.87367 91.00929 89.11029 87.45929 86.06007 85.16293 83.87005 82.67286 81.48605 80.11391 79.02573 77.87874 76.95471 76.15881 75.42805 74.55879 73.70211 72.716 71.4705 70.54066 69.55933 68.55884 67.65984
159.3309 157.1651 156.7232 157.6436 159.0186 170.7143 163.2858 164.6661 162.2222 162.7053 162.2127 158.8628 157.0705 157.3042 156.0927 153.8004 150.7889 148.5543 146.976 147.4359 147.0052 146.348 145.9617 145.5915 144.384 142.6393 139.819 138.5825 136.7759 135.115 133.8468 132.0289 129.3659 126.8154 124.0546 122.1919 119.874 117.1988 114.3481 112.1804 110.4397 108.0834 105.5334 103.5756 100.951 98.42966 95.95107 93.71343 91.80621 90.17039 88.23676 86.60831 85.35956 84.15041 82.99976 81.80872 80.56945 78.97656 77.95659 76.95885 76.22914 75.45901 74.50083 73.56306 72.75992 71.51131 70.55484 69.51833 68.57019 67.64067
163.667 162.4486 159.0321 164.938 170.4117 173.7381 170.9115 170.2312 166.6431 167.5441 167.1052 164.567 162.8346 162.6394 160.733 157.5537 154.7215 152.6404 151.4727 151.0956 150.4131 149.7214 149.265 148.6157 147.295 145.0522 143.0215 141.238 139.1962 137.8119 136.0284 134.1891 131.579 129.2323 126.3772 124.0275 121.7561 120.0144 117.1609 114.6006 112.4979 110.2136 108.1424 105.1891 102.8384 99.92489 97.10996 95.34174 93.08894 91.41162 89.01053 87.23374 85.8467 84.39825 82.99711 81.93421 80.65859 79.19573 77.9585 76.87575 75.88558 75.15936 74.26302 73.2494 72.25904 71.13619 70.23431 69.17792 68.39074 67.45905
170.4448 169.2293 188.7469 189.0453 175.5061 183.7331 179.261 176.0806 174.1099 173.1546 172.8431 171.2528 168.1441 167.8427 164.7083 161.9187 159.1625 157.438 155.9544 154.3133 153.6036 153.4229 153.2363 152.2718 150.623 147.9646 145.8417 144.2687 142.4284 140.4855 139.2889 135.7573 133.5018 131.3283 129.1744 126.3544 123.6344 121.9816 119.9582 117.2078 114.9447 112.331 109.9419 106.7887 103.7459 101.2569 98.60531 96.94125 94.45261 92.4342 90.24693 88.22713 86.59939 84.86082 83.13914 81.98736 80.59199 79.12434 77.8367 76.688 75.65541 74.72778 73.93986 72.7461 71.7021 70.65981 69.83926 68.94762 68.15649 67.20995
208.0731 197.6449 208.058 201.7892 193.3941 195.4289 186.452 182.756 181.1408 178.7999 177.4659 176.0546 173.5212 172.1049 169.9638 166.7857 163.8004 161.3605 159.6942 157.7831 156.6437 156.4531 156.2931 155.907 153.4066 150.4511 148.695 147.4446 145.1789 142.6827 140.3673 137.5197 135.682 133.8363 131.4498 129.0072 126.0264 124.3665 122.2686 119.4943 117.098 114.3657 111.7536 108.7507 106.1503 103.2902 100.4232 98.73987 96.02632 93.62446 90.96713 88.92583 87.54723 85.55572 83.69364 82.05357 80.41081 78.99247 77.71424 76.48939 75.29462 74.37148 73.49188 72.29128 71.39661 70.48704 69.67774 68.76247 67.78423 66.81101
256.1724 192.1136 228.6088 216.4148 209.3273 197.236 195.0563 191.935 189.1956 186.266 183.2948 181.23 178.8785 177.5545 175.3519 171.9197 168.7546 164.7093 163.0902 161.4247 160.1362 160.4528 160.2558 159.2119 156.7444 152.9987 151.7385 149.9034 147.0151 144.6774 142.9221 140.9793 138.1008 136.3582 134.1193 131.859 128.9752 126.6411 124.3906 121.844 118.7872 116.2342 114.1188 111.0008 108.0711 105.3793 102.6027 99.44615 97.10785 94.67371 92.29809 89.82138 88.13113 85.98212 83.99972 82.11361 80.27332 78.68281 77.59772 76.354 75.16438 74.14352 73.24228 72.33332 71.14977 70.24332 69.34726 68.45298 67.5219 66.53763
250.2127 235.536 248.8173 229.7363 219.5656 208.2338 203.528 200.1333 196.9043 192.1418 189.4346 188.0911 184.304 184.1685 181.1403 177.5124 172.989 168.4254 165.6454 164.6958 163.913 163.7399 163.1588 161.8854 159.8049 157.4341 154.6751 152.9439 150.4468 148.0102 145.818 143.8148 141.4784 139.2417 136.3895 134.0462 131.4447 128.4866 125.8984 122.613 120.3019 117.4619 114.7933 112.3276 109.995 106.6568 103.5213 100.7684 98.69474 96.06437 93.3401 90.85516 88.68092 86.29932 84.14474 82.17089 80.48304 78.99402 77.64269 76.3466 75.0807 74.04657 73.05423 72.0434 70.84321 69.99854 69.11341 68.13241 67.18483 66.29726
287.0762 284.3797 245.9173 244.2867 220.2871 221.2802 213.0945 208.5077 202.9011 198.3517 196.3014 194.5026 187.1302 189.4653 186.2009 181.2263 176.7938 172.4562 170.0046 168.751 167.869 166.9154 166.2291 165.1126 162.2514 160.7014 158.6615 156.4972 153.9728 151.8172 148.952 146.476 144.0473 141.3024 138.4387 135.8317 133.2208 130.5717 127.544 124.466 121.1977 118.2602 115.5472 113.0469 110.2073 107.29 104.7525 101.7927 99.34953 97.07524 94.25907 91.66752 89.50138 87.03829 84.78644 82.68378 80.99953 79.3183 77.87112 76.4918 75.1515 73.94324 72.67138 71.78101 70.7099 69.74319 68.80114 67.8386 66.59896 66.0184
306.7139 284.8414 257.7296 242.0587 250.686 234.6859 221.9837 216.2626 211.5236 205.7779 202.3838 200.0019 195.0369 193.8601 189.9922 184.7446 180.2862 176.7389 173.9027 172.2411 171.3612 170.1756 169.7316 168.0279 165.0078 163.4264 162.166 159.0252 156.6029 153.9123 151.0598 148.0394 145.8037 143.1981 140.0547 137.3065 134.9776 132.515 129.5271 125.7724 122.6252 119.4489 116.6108 114.0777 111.6303 108.3024 105.7975 102.9824 99.85462 97.6361 95.00171 92.37959 90.02329 87.90563 85.69739 83.32228 81.58327 79.73761 78.19405 76.6531 75.21933 73.83958 72.44152 71.34362 70.35954 69.52538 68.46997 67.40691 66.38288 65.72452
303.6478 281.4458 246.1413 287.2639 271.3754 247.0613 232.8366 225.5103 219.6602 212.8108 209.4458 206.034 197.3295 198.7523 194.2214 187.5292 184.4617 180.3318 177.3951 175.773 174.641 173.5624 173.7879 171.3397 168.0978 166.6346 164.0789 161.1502 157.3961 155.1911 153.2565 150.5201 147.7384 144.8272 141.7529 139.2172 136.5436 133.7914 130.2993 127.0866 123.8354 120.1049 117.7895 115.2203 112.2367 109.5135 106.2101 103.1564 100.6753 98.29728 95.71844 92.8589 91.03565 88.32235 86.11362 83.8451 81.83955 80.11443 78.61066 77.03356 75.23724 73.69376 72.35209 71.06004 70.08225 69.14091 68.00568 67.05991 66.343 65.44402
