data/map/CA_DEM/n36-37w121-122_merge_Resmp_ASCII/n36-37w121-122_merge_resmp_ascii.txt
ncols         617
nrows         753
xllcorner     1726034.5889377
yllcorner     463271.64830039
cellsize      300
NODATA_value  -9999
[rows 341 to 371 of 753, columns 420 to 489 of 617]
878.5581 837.194 938.0578 948.0914 865.8356 867.9927 841.4232 768.0302 800.3419 938.4031 992.7831 918.0334 946.0003 838.3054 847.1903 826.3443 683.4952 652.9012 612.6533 581.3757 598.0236 612.939 563.1687 584.0494 536.4915 489.9003 455.6086 502.0706 468.9221 458.6922 471.4584 483.6188 487.3963 497.2026 521.9528 471.4441 476.9317 509.5893 564.537 596.9524 627.7662 622.1863 595.3209 622.0146 610.511 520.1794 570.8851 684.0571 564.5883 483.6399 470.3578 435.7993 562.0538 549.0529 535.4276 568.6568 506.296 422.9796 502.9683 486.2986 463.7827 327.8978 408.8038 428.3982 379.3531 351.5807 362.1771 342.0533 293.6452 303.9737
924.5876 839.2333 912.6803 944.1151 933.9746 919.0612 826.6425 853.8831 872.2286 894.6125 981.5945 1042.216 1037.464 982.0242 919.0496 844.6552 752.7248 663.824 642.6411 562.6193 540.2751 559.3198 605.3547 610.2361 560.6068 519.1162 470.0794 453.7736 446.6591 449.699 453.7614 469.3939 465.3261 480.9693 490.2257 512.1498 454.0815 493.1392 538.2144 553.0385 601.6934 591.7144 552.1561 587.1588 573.0494 492.5823 549.1581 676.1659 553.0397 476.9846 453.0815 471.2826 476.5716 506.0932 523.5637 575.4356 528.0709 443.0156 390.6198 374.8936 444.9456 432.1146 351.6797 411.9637 380.8017 343.6047 339.6694 295.5418 295.6975 267.2143
853.3731 790.6821 884.8207 887.3424 931.0513 938.6027 882.7188 935.8926 883.3647 974.6409 956.0678 942.9456 948.6671 1013.741 991.1098 921.1534 818.356 769.0153 685.5977 563.5384 574.6339 534.1335 572.3337 575.3795 601.3237 519.0105 489.1033 466.7737 465.6335 439.9265 453.7922 459.3604 452.1654 466.3787 472.0951 482.5276 447.6334 492.01 533.2959 565.1651 537.1878 597.0204 564.1063 527.4399 520.4609 471.0993 494.0939 569.692 615.3046 574.0186 445.6448 361.237 358.7457 363.7449 348.9366 408.5138 449.8788 424.0234 342.6066 315.4261 300.6239 447.8907 373.0297 386.9232 363.0294 322.7385 307.5734 293.6882 260.1908 269.8683
893.5027 793.0623 832.9316 817.4662 903.2748 917.4359 900.4412 963.0389 1010.962 1020.346 963.8759 907.4637 898.4385 971.5601 1024.192 904.778 879.2774 807.5265 668.8975 591.2385 549.4037 519.4809 532.3653 586.4656 627.7419 596.4571 574.0991 561.1255 512.0096 480.7953 437.3348 440.8738 457.6394 452.0338 456.1763 462.5348 443.3133 492.5082 488.7451 507.998 499.5133 530.324 531.127 547.4717 500.0169 512.4777 452.1125 558.5132 456.208 554.91 490.9892 334.8302 331.4963 328.2496 329.4494 317.9829 315.3787 437.0237 307.9538 320.4841 312.988 325.8363 374.982 348.2242 343.1309 308.087 268.6145 256.7041 256.6163 249.4485
724.9327 746.471 818.7221 870.3607 948.8928 875.9329 905.1965 899.3272 929.768 929.512 996.9969 906.5335 893.2144 920.759 970.9055 992.0049 851.27 780.3759 681.9719 633.0932 571.9183 528.5507 499.1863 550.6102 535.3929 525.7855 544.0837 534.6113 485.9909 463.3439 440.0671 432.9898 440.1998 448.2032 482.6278 473.452 439.6802 449.6852 488.3932 486.2354 499.2288 473.852 518.9949 506.7519 469.334 450.5135 458.2521 473.817 422.1913 397.9475 339.6786 456.0303 431.7898 432.6278 338.3207 328.1731 359.2408 307.8675 389.7079 293.3271 303.2472 287.9766 317.9045 300.7716 349.8616 283.3887 257.6824 263.6788 294.0703 367.5943
720.6082 840.5292 859.6996 877.1868 898.5594 902.7374 859.985 881.6268 930.2133 870.7255 896.4454 925.5953 869.5055 906.2879 960.3519 1009.623 959.8507 827.9489 795.5114 661.1603 638.265 533.5937 556.6427 493.626 487.0173 487.7579 521.7002 487.1082 459.9341 467.6086 518.308 430.7784 437.6466 445.507 465.1762 429.5852 465.5415 513.1672 477.595 467.8385 487.3586 466.4445 468.1202 477.4096 474.2621 430.3637 416.7729 461.6959 385.9081 340.73 362.5435 536.1973 589.7494 497.0276 451.9828 421.6534 424.607 376.2524 360.3496 363.5276 323.0972 285.9798 285.3571 291.4218 274.814 317.4283 262.1392 270.3896 297.6651 351.9282
700.6672 789.1577 888.995 929.7904 930.1823 906.305 856.704 850.1609 894.2441 867.1749 855.5461 852.1177 854.108 899.9226 922.888 952.465 981.4752 841.0538 772.1061 738.1747 624.4144 651.3569 555.4127 552.564 525.2916 497.7511 472.1939 467.7827 467.0818 495.8593 470.7586 430.8429 439.676 431.8252 439.4263 435.8104 475.0793 500.2098 478.7789 455.6064 452.5194 466.223 466.3036 429.3418 436.034 413.5753 416.7301 442.5103 353.3116 367.601 420.2803 480.8187 665.7413 592.4162 608.9531 505.9747 449.2149 441.6669 482.4215 476.7532 403.5431 340.7858 340.9948 320.2633 363.7149 270.7421 266.2449 269.1611 313.2675 327.8297
825.5807 838.1517 847.5546 854.6616 822.9636 881.443 881.9196 865.8729 845.7138 902.0926 843.1741 849.3082 911.1299 998.6472 966.1224 944.865 918.8039 846.4641 820.9447 777.436 789.2712 747.726 696.5726 630.8243 559.1803 529.0916 523.7773 501.2044 506.6161 514.3187 476.0381 487.0807 425.4709 420.9471 418.7723 450.482 477.1357 501.4189 464.9042 470.918 451.2007 440.3713 460.2661 475.4926 426.3436 417.8909 431.1468 411.7561 382.3879 349.4154 407.4793 491.0934 602.3415 739.4757 688.3624 558.3533 551.518 459.9808 517.8187 478.7835 397.0054 406.4602 367.3064 392.8853 357.6209 299.5912 286.6119 291.2962 295.0557 335.11
799.5178 806.7025 798.69 769.4588 820.0103 816.9761 899.6823 869.6511 841.0867 839.8438 833.7463 905.1756 917.3878 1013.144 1092.66 1002.502 921.3738 898.7797 818.0411 804.7346 776.1638 751.7963 805.6744 691.8756 646.8198 548.1871 538.1215 563.9443 580.8553 512.399 529.8123 563.4548 461.9214 427.8437 422.9032 466.7697 438.2839 457.2569 452.8477 443.705 452.9247 431.4467 428.7592 432.7634 424.548 414.4287 387.4161 391.3484 393.506 354.6339 378.1438 474.64 562.9427 676.7813 730.5538 696.0187 517.6841 550.1055 533.7648 444.1663 486.8996 440.2385 416.424 431.4738 324.0478 378.1147 332.5667 314.4115 305.8401 328.5603
707.2851 764.7139 738.5176 708.7656 771.2502 830.5146 862.6799 858.5347 883.2267 822.0542 832.3686 864.3589 928.2469 1113.829 1160.924 1031.453 990.673 951.4424 942.7232 895.0843 759.3872 756.1984 733.4638 662.3898 612.8265 648.7379 587.3723 511.2941 522.8431 515.9165 569.8724 640.67 552.0614 450.9839 425.7625 465.3279 413.933 429.9046 427.6496 424.4761 437.8531 438.6548 408.6395 414.0279 433.2302 422.7132 417.1845 379.2415 365.3251 366.4673 356.2852 436.691 566.8027 643.9913 634.8168 693.2867 696.6277 684.4991 504.5597 480.2689 528.2714 429.7419 375.8897 354.0315 413.4817 383.9756 334.4491 329.5536 326.4724 342.1911
670.8395 703.0756 686.8856 743.8194 798.6262 775.8334 823.7071 847.3597 827.3348 819.0496 827.0289 886.0999 1018.648 1105.74 1172.205 1086.185 1043.739 1030.417 973.025 901.9645 813.5144 767.4401 766.6344 733.8661 670.2471 775.7485 676.9906 623.1026 549.4553 502.4158 535.0409 620.3277 557.683 437.25 414.9011 410.3247 406.5223 413.1799 415.1708 416.4717 440.7525 421.4007 404.418 420.3573 438.3064 407.8125 403.4546 390.6953 394.8503 361.0644 376.6925 424.2827 502.7339 604.0979 573.9289 605.9044 675.4866 692.3386 598.634 567.0163 475.498 413.9122 436.9193 417.6021 399.1034 381.5004 329.6469 323.571 347.2227 348.7921
611.614 628.2955 699.7575 680.9994 707.5788 690.3509 761.1168 809.928 841.0917 812.7552 825.3151 889.4485 958.4507 1000.147 1118.805 1104.697 1031.87 959.7441 894.8965 795.1901 790.546 858.7 816.46 734.4412 727.0195 755.1042 702.8093 647.8257 530.1862 594.8317 510.1705 578.0911 588.1373 520.0097 453.3389 435.5688 425.9264 403.9325 416.0762 412.0805 425.5399 420.8332 400.4619 406.3004 423.094 401.9078 411.0979 411.4975 412.3592 364.854 376.4948 392.5793 412.9651 483.7833 542.6982 579.9317 609.1407 706.9744 740.1932 608.8577 502.0441 503.3501 447.7567 409.3111 354.4595 355.0071 321.3994 330.1913 383.9652 339.4446
650.6402 595.6281 628.1104 632.1985 633.3439 666.3722 743.7933 784.3743 867.2104 803.7596 819.7766 840.2324 908.6971 953.9084 1085.982 1091.153 1041.207 930.5964 900.2606 984.5408 898.2964 932.1636 813.2889 834.2483 782.2229 658.2628 639.2288 624.1563 639.3957 711.4013 619.1615 536.5408 586.9678 607.8609 537.5593 450.1733 454.4044 431.916 402.3067 396.8232 431.3293 401.1819 402.3394 391.3232 407.8339 405.5168 386.2993 377.6441 390.1593 366.0856 373.3664 390.7858 405.9228 428.4406 479.1446 485.3657 571.5184 591.3154 673.6685 646.1926 572.1081 519.9472 414.3857 418.1137 396.9134 347.6676 350.8524 355.4159 353.7545 377.798
637.5843 674.1606 660.7844 645.217 636.5729 677.5745 676.5062 742.9742 856.3215 835.3931 801.7877 848.4846 858.8455 921.6396 990.2048 1067.83 1063.016 977.7664 945.9883 1000.405 1037.231 921.8534 881.7564 876.9806 743.1885 717.5062 633.0317 735.8982 705.0271 721.2028 645.4863 561.7997 546.9379 621.5428 592.5441 522.059 501.3225 495.1678 428.7935 401.7068 392.9922 391.4619 391.9203 393.9666 385.9369 386.7255 381.2848 385.4439 374.5247 378.7663 366.5209 384.4991 397.6906 430.7859 464.3378 464.3192 550.7233 532.843 575.3138 643.0054 533.5563 473.8024 449.9259 468.8264 391.2484 354.466 355.6494 408.0864 389.1553 377.3584
618.9598 661.22 684.8874 693.4429 647.8058 642.3062 666.3803 772.7442 857.7278 864.5422 821.6352 794.2238 887.0347 936.3671 914.8295 961.8193 1076.136 1032.736 999.8734 1037.331 1157.746 1058.446 969.7073 914.3719 840.1793 762.7819 741.1337 850.7029 817.5883 647.9395 662.0449 602.9023 585.2499 590.3635 632.0328 662.1016 577.502 499.9612 482.003 420.8443 404.8871 411.0035 403.8954 403.7943 391.1757 389.4714 384.8963 389.498 378.0549 371.5932 371.8879 408.6083 423.8949 448.7445 431.0781 455.5655 496.2069 509.4825 503.5717 552.0978 526.5546 537.209 532.1138 515.8701 426.7981 356.2532 360.2505 400.154 405.1301 405.6566
583.1366 598.9802 636.0892 706.1769 706.3311 645.4058 737.8941 788.0284 855.5907 842.475 819.9977 776.8757 786.7958 858.3423 879.5566 868.0461 944.2531 1005.496 1072.238 1088.025 1070.613 1010.858 932.7853 851.3698 783.5131 722.0183 781.8103 918.3818 771.7928 757.1046 739.063 618.5956 655.6238 582.5072 598.0883 650.2753 645.9705 562.5462 516.5317 451.2503 441.1952 421.0488 420.1503 421.7381 406.4838 405.0775 403.7643 404.8682 384.5346 375.4745 371.0443 387.215 412.53 414.5568 427.8956 439.0603 475.3909 498.1931 491.5071 509.4412 479.1037 482.2593 488.2751 498.8414 457.5544 379.0831 384.6585 458.7423 464.0572 454.4934
583.4562 583.5197 614.9489 649.0797 668.8607 709.843 695.6118 772.658 818.1695 811.4243 769.9016 788.6614 829.6341 865.8845 827.7272 852.8024 912.5275 944.1304 1038.17 1125.471 1065.182 962.5377 915.74 844.1079 787.678 778.2252 851.2215 844.0638 809.181 853.8745 766.1545 689.7417 683.1144 605.8157 646.3553 663.5272 673.6211 628.7366 558.4297 558.5613 455.9123 465.5125 458.2186 439.0137 458.3423 417.3019 412.5263 405.0009 393.4727 386.6337 381.016 384.7941 393.2605 414.6025 434.2406 443.8935 467.3521 465.7027 465.8895 463.231 481.1093 456.8316 482.353 506.2061 462.0981 479.295 461.8441 464.4348 482.6267 450.8495
668.5806 589.457 587.1925 596.8398 620.2422 655.8192 731.7195 761.9843 744.2606 749.7283 803.2209 852.9622 853.9914 905.1923 974.8937 928.958 941.426 984.4247 1011.133 1023.796 1115.371 1010.361 943.1876 888.3939 866.9654 872.907 901.9827 859.8048 935.0723 840.5361 780.8979 786.616 714.5756 698.6133 687.624 656.351 659.7418 615.4064 556.7813 597.2993 580.994 487.7379 501.3655 553.4445 493.1326 469.2875 457.2586 415.198 402.914 401.1806 394.5728 392.6144 392.832 416.7855 423.8358 425.7265 487.1515 464.9755 466.6143 485.0962 450.1962 453.1863 484.9523 485.539 439.8503 511.1142 450.2934 453.9549 436.1188 424.0953
655.2202 634.5899 602.8975 592.4304 620.5075 631.3666 676.7943 736.3624 770.8774 813.9499 844.4267 886.321 927.249 904.8652 919.1981 1002.278 938.5544 902.02 938.202 982.8009 1029.16 1033.359 992.0865 998.715 930.8928 957.1135 953.1685 900.995 942.5957 954.9516 909.5526 852.9647 822.1669 747.4429 681.4298 650.6058 619.3924 646.063 546.8913 552.1552 513.1331 498.4469 499.5025 552.0356 481.4156 509.8048 523.062 459.3179 434.9102 417.7014 412.9121 404.0186 406.6193 402.3707 420.3265 457.2132 473.9176 461.1 453.6211 453.8381 487.5719 438.3732 443.7008 473.0417 419.4005 473.5223 435.0922 434.2729 410.9072 398.5241
654.3076 675.1653 649.4001 607.5 595.1373 627.5522 617.5712 664.9694 730.4897 754.8116 819.963 848.8834 854.1732 831.6775 878.0165 868.6217 913.5976 944.9508 958.6832 941.5322 912.6124 934.7066 1006.323 1020.759 994.5629 991.7753 998.9393 966.4455 979.1734 889.6518 901.0619 846.5258 795.3154 771.9974 658.2888 648.7087 604.4509 546.6758 535.9182 536.2819 499.2207 519.6362 521.7083 475.551 462.8119 472.8391 474.9872 480.5419 511.3896 476.2786 468.838 453.107 431.804 415.4483 430.373 444.0229 465.3205 454.5468 451.053 429.6918 441.555 459.9991 411.3798 445.2358 441.5281 460.8633 451.7003 404.2162 388.9667 372.1666
605.0372 645.9049 648.2343 626.8376 617.3317 608.9197 624.4093 658.3537 707.1089 734.6687 769.4103 807.7986 815.961 841.473 878.2699 932.467 965.6384 1018.535 944.5349 898.5589 894.2189 870.706 947.7294 1016.653 1017.099 1054.748 1078.774 1052.03 965.86 910.2247 812.0607 777.608 718.2001 706.3793 707.8558 704.0111 637.8572 582.799 554.3157 523.7717 577.7873 596.7409 564.729 527.7762 492.7499 456.0574 470.699 460.8495 464.5274 459.184 473.3907 458.4328 481.766 470.7603 452.7687 438.9498 453.206 437.9308 428.2156 430.4127 404.7355 426.4395 400.2828 406.3595 424.3331 404.6199 399.3308 376.4465 373.1591 410.0223
634.1038 679.3753 702.6904 669.8126 685.5641 669.8277 615.0201 632.4735 667.3938 716.5817 751.8751 771.4774 800.7866 832.0519 833.662 859.1484 921.0551 1010.654 986.6064 915.7526 840.9725 843.9985 851.5153 883.6659 975.101 1013.616 1055.958 1035.804 968.9765 902.421 864.1651 818.264 831.2299 811.5837 782.4147 755.4337 692.3872 691.3571 616.9322 550.7771 614.3454 657.3973 633.3373 575.6541 498.2549 481.0222 487.2532 489.4286 440.8711 436.3819 432.4312 430.1498 454.2926 464.2776 465.8275 446.6187 475.8165 456.735 452.9366 452.3221 421.0357 435.7742 402.9521 417.6118 444.1979 437.3706 416.6544 387.09 349.7674 363.7171
651.001 666.2446 705.987 678.5653 709.1801 719.1536 654.3203 621.6368 625.4601 633.6963 697.2628 745.7613 771.7153 762.4645 791.5223 852.8116 900.205 925.7043 965.442 937.2566 878.2436 806.696 813.2471 934.4893 892.8141 975.7632 1041.379 1024.57 977.4731 972.4899 974.9742 915.3187 886.8574 793.6168 816.6739 764.3674 744.099 704.2031 630.8288 586.934 656.409 692.0064 637.4612 596.5776 545.1403 539.0029 562.1216 536.2241 509.5677 454.5481 507.6938 453.4671 431.8058 414.9923 430.056 439.6049 452.0152 448.7648 467.2434 453.8812 464.0612 471.4012 439.2864 438.1912 452.1128 451.8002 460.8652 410.1249 396.0106 351.5639
639.4333 643.7724 686.3729 711.4924 733.7997 731.9473 710.0969 688.4996 657.5067 690.824 725.8868 753.0954 742.9094 738.0414 770.2578 839.1699 847.3458 860.6953 897.3719 921.5524 932.7009 833.6812 828.4838 815.2759 967.8079 918.4561 963.4923 979.3344 949.1717 1004.561 943.5751 924.3291 857.6354 875.5983 864.7435 860.8928 833.8608 732.9761 690.2202 663.8085 692.102 725.5734 661.769 618.3708 560.2513 592.5916 608.1735 586.5854 540.4885 528.3457 554.8208 510.3877 501.1876 467.8222 410.4133 434.4118 451.4147 435.078 429.6086 458.4737 463.545 491.717 477.6316 467.5278 488.7769 442.3766 411.6426 453.0433 452.4078 432.7932
643.9592 604.6461 671.5236 687.8956 731.9037 690.9485 691.8412 685.4337 708.665 748.0928 776.5637 788.5961 818.4816 768.801 749.5991 784.5027 786.313 831.2687 835.2117 846.9301 870.0046 849.3329 798.2476 834.9653 894.2598 924.3594 979.557 933.5964 928.3325 972.6545 975.209 952.795 921.1118 920.9056 902.6968 872.8531 865.2184 741.933 733.4863 732.5156 770.1262 775.8687 690.0224 645.4686 635.7808 618.0392 661.4428 649.5474 565.3323 559.484 593.6285 595.5746 536.6345 467.806 407.1995 406.8584 428.677 458.7992 425.2863 439.0146 438.2288 493.8089 418.0816 463.8147 480.8155 357.641 350.441 397.9588 452.9198 427.8709
633.0984 598.6649 682.9952 710.6186 684.6985 716.3551 669.4526 742.8203 730.1962 722.0961 703.2958 719.218 779.1276 800.063 782.6879 753.3157 764.7543 788.4857 783.1172 829.1096 813.8621 794.4785 788.2145 826.7344 813.9364 865.7188 960.666 892.9183 911.6322 983.7731 1030.015 988.7604 978.7741 991.5637 963.3777 902.707 841.3742 813.6295 789.1057 757.9574 829.8525 805.1152 752.3223 670.9294 691.7739 691.088 704.1533 678.851 628.4169 638.2343 607.9014 561.1458 510.0826 463.7777 436.6243 413.0424 397.4299 418.9028 404.0735 413.3408 393.6517 412.6752 401.4294 415.593 378.1079 384.3604 376.5933 343.7295 344.4234 420.367
560.8298 622.4141 643.1749 671.6915 678.3918 694.6592 654.0799 725.7401 707.7318 723.5363 667.7388 646.8844 744.5524 802.4369 806.4772 780.679 762.0451 767.3853 771.4266 779.184 779.7377 782.8477 816.6813 796.1862 864.2226 831.5324 911.2491 886.6877 914.3998 1013.245 982.5603 949.5943 1025.231 1031.173 1038.769 945.2853 881.0931 820.7417 845.7352 812.2124 867.4886 817.5528 765.4562 783.4858 736.698 738.2194 748.879 698.2868 698.8055 667.2133 624.9478 588.5022 568.7186 504.9342 465.2011 466.3013 402.0555 393.381 387.8259 393.6244 383.9882 397.6079 388.7131 415.6421 369.4309 441.1284 436.5144 423.4321 358.6689 355.049
594.6308 641.5659 622.5389 617.8719 654.8991 720.9103 647.7184 735.2047 696.0429 745.1498 660.2458 614.9445 650.4573 743.6091 786.2302 781.2247 781.2581 768.871 768.3083 773.7519 780.2898 808.5989 818.4784 809.6178 805.5314 811.7313 814.5768 817.1323 892.337 985.2298 939.7936 911.8325 958.9584 1006.167 1008.933 992.3585 882.0236 895.1934 868.726 864.0147 895.3148 848.0073 792.5135 804.587 742.9934 798.2043 747.3194 739.5694 756.933 701.5378 645.4786 629.2263 591.4368 501.3552 543.8717 541.9158 405.0549 448.3955 441.0662 453.9623 462.0276 463.0156 412.9157 423.3091 443.0407 467.8074 493.968 488.2699 469.5244 406.8815
595.2374 616.7906 639.4581 606.5451 662.7034 673.1565 633.8823 715.7913 692.5668 716.8145 609.0071 640.7681 608.7233 667.5313 730.9767 766.2681 765.8727 780.5298 761.7975 760.8181 818.2131 841.7999 847.0008 872.2497 864.5519 869.9161 927.6248 938.3818 833.0186 893.4069 857.5366 925.5956 1011.934 1035.803 962.4896 925.6259 909.1241 944.1383 915.1523 915.6982 924.1107 880.9504 842.6341 849.8079 802.8978 841.1345 793.7408 780.0921 779.1435 722.2612 685.7399 683.5861 603.0714 567.1127 673.4183 573.3049 425.3806 500.4774 506.2565 498.7736 494.8099 451.643 468.1343 548.4536 527.6271 526.0764 493.7438 537.4175 525.6011 443.9008
559.4084 618.6272 633.3479 597.9592 653.155 647.9889 626.0696 668.6306 663.5416 722.1205 652.66 571.2675 607.8168 599.5785 616.5513 685.5081 739.4811 706.6354 734.0384 766.0011 790.5953 820.5606 854.202 892.3123 887.8511 925.2775 977.5003 929.579 879.8431 939.9654 918.696 936.8865 936.4802 1034.59 1033.22 921.3511 1017.421 977.5946 953.6743 957.4821 960.5026 927.1852 901.1166 892.9168 890.3345 885.0714 820.1962 829.5414 783.7857 713.1447 685.0727 629.6744 599.8043 622.6533 696.5806 670.9033 491.0191 539.1006 604.1218 562.6321 534.0633 500.0147 502.7661 529.6628 582.4424 638.5156 540.3623 455.5056 479.6825 364.2047
542.6509 592.0676 555.0116 632.7609 659.8972 612.2095 638.7598 717.1208 626.7539 695.7416 681.4379 624.5156 551.0051 588.6365 574.6417 630.0637 623.3101 697.942 729.331 768.5734 796.0488 841.936 841.3821 853.9313 872.3809 913.9897 966.7036 928.7366 921.1384 996.9089 1033.931 1044.635 1072.971 1109.156 1036.75 987.8815 1023.512 971.6706 1002.75 979.9777 1003.406 1001.321 980.7283 940.1059 962.6041 886.3116 852.1224 863.2928 801.3643 773.1484 734.4854 717.7484 652.3393 668.356 715.563 666.5441 634.7975 562.5975 643.6177 623.8879 580.8119 551.2225 576.7111 558.2002 515.0698 554.588 459.6069 374.9977 354.6186 380.5644
