data/map/CA_DEM/n36-37w121-122_merge_Resmp_ASCII/n36-37w121-122_merge_resmp_ascii.txt
ncols         617
nrows         753
xllcorner     1726034.5889377
yllcorner     463271.64830039
cellsize      300
NODATA_value  -9999
[rows 124 to 154 of 753, columns 140 to 209 of 617]
36.90636 38.07777 38.50603 39.01871 40.64312 41.49667 42.4264 40.47976 41.34675 41.34523 41.10788 41.19386 41.56508 56.33315 70.41965 129.0192 137.4921 167.7366 232.6709 317.088 296.4743 278.7951 249.9683 316.2516 389.3905 443.7727 458.6215 452.0575 430.3976 439.4823 527.8177 521.091 616.8071 519.4266 556.8807 466.7594 463.0542 518.9451 668.8079 611.5325 491.0495 663.5138 612.5974 775.8834 754.0228 696.3252 701.7623 718.3309 778.7373 835.5546 823.6819 811.5385 815.8832 867.1915 772.3071 783.1811 739.5062 768.1721 766.3508 763.9293 753.3129 727.6404 708.6799 731.0668 669.0078 650.5875 705.8782 714.5188 610.4568 730.3625
35.04505 36.51978 36.5829 37.01533 37.54434 39.78816 40.73856 37.82666 40.16388 39.59963 39.27131 39.54829 37.18566 37.89487 59.78444 86.63613 145.8447 183.8649 171.8221 260.3179 371.5274 318.2902 328.6714 303.0373 350.7025 453.3599 458.1259 399.1077 409.1737 459.2074 457.4084 465.0438 499.4447 496.068 520.6298 436.1244 453.4024 485.6933 592.2097 537.5767 457.7905 580.1359 540.1454 653.5598 801.1197 715.9999 679.4702 682.0604 707.2845 747.805 764.2833 857.7563 900.4387 898.9257 829.8509 776.1223 783.6263 807.441 776.8115 757.3521 721.5656 705.2516 700.5926 678.4178 623.6627 662.2639 717.6988 739.1606 640.4935 752.5972
33.53926 34.70022 34.14956 34.9595 35.72693 37.03334 37.7166 35.53439 36.85869 36.78086 36.46994 35.73502 35.38674 43.52723 55.1199 61.38461 78.48734 118.1056 170.1935 194.1169 308.4772 370.0037 378.5408 374.3926 371.8044 336.6253 375.1157 308.144 442.915 490.5397 448.1241 414.1096 443.2243 398.4182 431.6097 396.6011 488.5686 446.8632 463.0702 503.5969 405.4236 469.8305 516.6976 621.5359 669.5657 669.0046 573.2672 547.0823 647.3816 689.0633 741.6619 789.3334 801.4228 872.6769 869.7068 825.7737 847.9363 814.9291 793.9624 767.8146 721.4031 696.1604 669.0699 653.2593 673.0607 666.4429 725.2112 756.6993 702.6979 754.5352
31.31792 30.57566 31.5114 32.71785 34.27134 35.32435 35.52081 35.06248 34.78949 34.77881 33.89532 33.529 38.41315 43.30437 54.30252 61.66701 68.37159 120.8154 133.4459 169.8836 234.2464 317.8487 398.1015 297.1302 299.8689 256.1805 271.9603 270.6392 380.7639 465.7935 463.151 401.6037 350.5667 342.1928 379.5634 396.7686 382.4324 460.4559 435.1309 431.9275 404.3589 428.1116 501.6042 516.1799 628.9561 633.5574 530.431 561.9869 655.2665 614.7242 640.6508 721.5312 687.3352 774.2954 883.1476 818.1155 841.7147 830.1196 810.4781 804.4542 736.9659 699.8915 685.007 678.7183 714.3734 710.5565 711.1467 785.0942 733.8542 783.3388
17.92603 27.41507 28.43256 30.44921 32.96196 34.08352 34.43049 32.60227 32.37117 32.69639 32.96273 32.11318 37.68163 43.09888 46.45016 48.37607 51.83226 75.40285 165.6781 237.1471 241.442 253.5787 399.5153 304.7014 281.0198 236.9305 228.7882 321.7636 439.3088 342.9237 414.343 462.6309 373.1273 303.0453 314.904 335.228 329.596 417.9794 336.264 415.7734 330.1121 402.8735 386.4049 451.0954 577.6086 539.0475 416.768 577.1448 525.6625 552.3773 611.9563 608.4854 667.9031 772.1654 903.1101 816.5583 771.5899 803.0209 793.3038 741.4792 732.9981 695.48 697.8685 689.0405 723.5005 723.8527 772.5629 773.2386 783.4003 810.785
17.05742 23.95378 25.50629 29.68702 31.37527 31.63017 32.3649 31.62032 30.96997 31.53715 31.37016 32.17712 35.90452 37.15414 39.11312 43.13367 45.13958 63.00229 110.3577 129.6447 183.8908 236.1441 280.3678 355.9023 243.1262 212.8416 259.9135 324.9006 361.9319 264.5279 348.7307 424.1243 457.9714 381.7189 356.7667 280.2096 323.1534 324.0034 294.3254 429.8588 304.7304 365.6317 392.6554 464.5541 439.7319 434.3413 424.524 438.0447 498.2482 543.8221 479.916 559.0983 639.3305 724.1822 876.1948 829.3154 789.5208 749.4562 746.8717 735.4175 711.9709 711.8067 731.7409 747.5883 720.2786 777.6812 802.3661 779.5203 809.5306 891.0368
26.23777 27.83858 28.9749 28.33062 27.81144 28.12911 30.24745 29.30971 28.64814 29.14918 28.44966 30.74162 32.60357 35.04737 36.99752 40.46232 48.74923 68.78601 93.53285 129.6848 202.4429 163.7451 238.1243 354.2338 308.9872 210.0193 224.5496 264.7557 287.1044 256.6578 324.3716 468.0284 425.7407 428.7282 371.7708 303.0112 233.5429 291.3781 353.9817 390.4456 286.818 314.4131 385.7 389.988 381.1278 345.6885 356.2666 438.8379 494.6533 410.7313 526.4464 654.4099 634.3429 681.9139 828.4752 881.8782 839.5172 773.2932 753.389 751.7596 768.9428 727.7437 749.7322 790.1685 771.8182 769.6879 831.8492 831.3478 862.0089 952.8977
25.06238 26.56518 26.24531 26.20331 26.04976 26.91795 28.35521 27.37428 27.58035 28.31511 31.7286 31.71146 33.94984 35.76028 38.42627 39.88272 49.02148 65.41138 77.1974 101.988 122.0898 148.9331 187.1967 235.34 300.2112 186.1375 186.2111 229.756 259.0172 213.865 283.5779 403.593 396.0267 395.8623 381.393 330.4097 266.4862 249.0712 302.7126 391.7522 259.0326 391.5778 304.1045 332.4969 323.1818 303.8154 315.9734 377.6626 391.7152 525.2286 596.8594 653.7917 746.1219 721.2233 739.3608 832.5396 804.0798 808.1832 822.4634 821.1995 796.0726 772.0939 759.8669 831.7906 807.7045 830.6713 847.3295 896.3023 915.5301 970.2957
24.59109 25.3107 24.43215 24.83897 24.54529 25.36046 26.09552 26.50897 29.28759 29.23224 27.59305 30.28283 31.14169 33.00042 34.38722 35.07362 37.51376 48.49305 61.59896 75.05216 97.5374 129.9184 138.4992 216.5128 214.0405 173.4663 203.4729 183.8297 191.6069 246.1085 234.4015 363.1687 335.9063 385.4169 365.0133 350.5419 298.3205 207.2201 247.9716 310.7805 248.5764 321.4799 262.6129 256.8004 316.6362 353.4355 449.2856 473.3511 410.2092 486.8884 544.8145 599.7014 685.7511 782.2233 781.9775 800.3132 858.4585 863.515 835.5054 840.1253 836.1972 827.3964 804.4932 806.954 875.3824 897.7055 934.9749 1000.714 959.7374 873.9999
23.34308 23.28361 22.64826 23.37371 23.46757 23.89207 25.2752 25.29366 26.10486 29.47551 31.33632 32.10894 34.28279 35.03059 36.08523 39.36354 41.05653 47.5394 55.07531 65.81194 83.30925 103.7212 125.957 174.2144 170.9622 124.7995 211.6263 164.6436 177.3012 182.5274 252.8073 275.5418 276.3371 258.2955 275.209 306.6306 302.4376 229.8484 254.3836 261.0836 217.7844 225.8119 346.0523 398.4662 345.2172 369.3389 387.5217 458.5749 543.5715 527.1486 639.5184 654.819 784.4461 864.2753 843.3569 819.4111 781.0288 788.977 776.2368 772.6364 810.046 824.3253 845.0969 853.8652 900.686 899.7322 879.5753 872.3887 897.7605 899.7569
22.03593 22.49608 21.85769 22.335 22.52607 21.52094 21.49771 22.07822 28.35036 29.57525 30.25002 31.68834 33.98826 34.37331 36.44868 38.02846 44.16008 47.19057 47.73167 56.61607 75.40076 75.66398 94.31828 112.3153 137.3978 161.7258 162.5688 148.0861 150.617 207.0748 193.8716 224.0083 235.2879 219.7699 294.1379 244.6416 250.712 245.0273 226.8045 224.2964 207.2479 282.4592 421.9673 489.3222 421.394 422.7523 413.0867 509.3832 620.8573 686.4552 681.3122 815.743 841.5869 824.2173 864.8867 804.8565 781.4753 747.8392 723.5004 720.69 742.2368 780.9426 786.7044 782.871 861.2663 822.7399 813.7625 840.5812 861.4285 829.5453
20.70947 19.01466 18.93554 20.24618 20.20324 20.32715 22.20668 25.60062 27.83072 24.35453 29.12569 30.99459 33.51401 35.03419 36.63754 40.62606 42.92593 48.64268 51.20682 51.53437 55.32137 61.74395 74.30285 103.199 100.4655 99.94898 125.3803 144.96 122.5151 160.3852 164.8251 191.9776 179.8875 265.0031 248.7785 231.2796 222.308 183.0621 179.2814 240.6505 252.5291 298.9234 366.8838 420.6419 416.7715 478.1506 490.9823 514.8303 488.8174 532.2742 706.1578 826.9044 769.5972 787.693 810.0118 852.8788 831.9141 810.3049 776.104 714.7943 700.7504 707.8748 727.4777 752.4622 742.9526 778.4258 760.0932 816.1045 800.8284 784.8319
19.8335 19.13878 18.19109 18.75507 18.99501 18.88997 20.75152 22.41196 22.04967 26.03594 29.24839 31.12007 33.58912 35.41316 37.06314 40.97881 43.49646 46.0988 49.33869 53.23985 55.61464 71.67117 80.05335 90.43959 97.65615 107.1538 92.91386 117.3048 119.6008 124.8999 146.6391 161.9009 200.1343 179.3848 169.1246 232.5236 206.6066 190.8161 228.6389 275.2975 326.9442 324.6344 336.2216 401.3418 418.9271 366.9529 388.2849 404.9008 468.2266 640.332 736.1786 762.227 718.6411 762.0263 755.7645 829.7933 890.4431 845.0458 806.219 805.0584 721.736 665.8706 698.8672 715.4076 680.2711 726.8519 713.7972 735.4694 778.65 755.6879
19.22549 18.47489 19.14899 20.17152 19.13744 19.01093 20.30673 22.89716 25.31878 26.03634 29.33789 31.36006 34.34509 36.26044 38.59826 41.72612 44.74789 48.06749 51.08242 53.95448 55.88948 59.46791 65.20478 85.37015 85.52179 79.95068 103.1475 102.927 108.4416 124.4513 145.3713 133.5833 169.457 142.1516 189.2669 219.3314 155.3052 180.6249 203.0828 226.281 245.5685 290.3911 318.7409 328.8549 303.5432 357.8883 446.2106 463.5056 522.6541 554.0972 684.4402 572.658 669.8464 665.2549 646.244 720.977 874.4738 852.6309 892.3278 861.3365 752.2537 710.575 638.3138 692.3624 695.4551 683.1401 764.5288 680.3909 713.5286 723.3984
19.2075 18.50423 19.2438 19.11983 22.28625 21.20028 22.20047 22.19583 25.07851 27.85762 29.043 31.47453 34.49084 37.0915 39.97309 43.08056 45.96383 49.24942 52.02742 54.74202 58.58479 62.60659 62.06972 69.3345 72.84011 85.39907 89.7707 92.16315 97.68825 105.3514 135.9441 112.3213 127.1467 148.134 199.8095 183.055 152.0495 193.2875 195.2426 206.6763 208.9596 234.7687 261.5095 273.9253 334.37 389.0065 463.3238 589.504 571.571 464.9262 526.7653 502.5767 601.2303 593.2496 614.0164 750.4704 834.143 764.9646 817.2446 786.5656 782.2629 743.4639 666.3802 611.8836 648.5018 645.5289 702.3303 752.7822 630.293 744.8369
21.91811 21.61956 19.74727 22.04655 20.77533 22.33904 22.9272 23.51274 24.54318 26.65973 29.2997 31.38388 34.514 37.97367 41.53528 44.04638 47.12696 50.12971 52.51926 55.43889 58.94498 62.727 65.10072 68.38326 74.223 75.91933 85.12591 87.19085 101.971 105.8681 98.17284 106.5398 112.4321 141.1982 169.6665 134.7123 147.2409 167.6139 171.064 204.3607 219.5211 272.4261 320.8275 314.6364 304.0038 355.1213 451.0605 526.9275 412.4101 490.3446 390.1093 498.633 439.2556 449.7008 548.1063 712.4352 762.1287 722.6797 724.5522 679.8401 712.1276 752.8346 720.4473 672.8524 546.7683 530.2068 616.5116 747.2842 626.5005 663.8928
22.1783 21.56334 21.36642 19.88861 21.80471 21.77149 22.68727 23.81683 24.68616 27.07421 29.79949 32.29815 35.27943 38.187 41.38085 44.58606 47.39012 50.13121 52.57187 55.38291 58.48381 61.65916 64.74643 68.68729 73.19929 75.55283 77.42929 79.93279 86.18021 88.99849 92.69383 101.973 119.7826 148.125 121.583 136.9778 161.1259 196.1593 218.9475 242.0826 273.3068 287.2518 286.3015 325.2993 400.9623 399.5917 412.0045 505.9267 391.4631 392.8233 349.1571 419.0136 401.7786 449.5862 584.3353 541.7892 665.835 697.9321 684.1075 580.1007 687.5854 727.4392 719.6412 698.7117 678.0592 552.1208 539.0916 677.7047 648.4449 617.6106
22.57456 22.2 22.24097 22.80035 23.03406 22.74476 23.40943 24.27459 25.21559 27.16033 29.93435 32.59531 34.76436 36.51246 39.92786 44.76908 47.98358 50.57455 52.87127 55.2695 58.22158 61.77551 64.59836 67.15113 69.91623 74.38394 76.01173 81.86469 82.81999 106.5105 114.2906 114.7412 108.7397 111.7918 131.2503 142.9059 155.7706 166.3489 196.1154 273.507 291.925 316.2821 307.7313 382.4826 422.3135 437.6289 431.1192 465.769 363 354.2908 326.4213 352.1834 491.032 559.6452 444.1547 554.9626 672.4522 701.5872 535.5161 502.3054 576.9114 657.4449 672.4498 690.2152 696.0626 628.6215 477.6994 600.2653 640.4182 520.6303
22.36021 22.23505 22.18491 22.57485 19.29699 22.94049 23.07912 24.03322 25.14862 26.54732 30.13902 32.9644 34.84951 37.86487 43.02832 45.58551 47.77656 49.80639 52.92955 55.10616 58.53077 61.76456 66.51811 68.58537 71.57143 74.54592 76.09386 83.26844 87.53172 95.57865 96.60172 98.45873 110.4334 127.0806 135.0242 164.6312 186.4653 194.5022 209.8363 218.9629 220.3718 264.3656 285.5404 362.5019 410.9084 413.2405 395.967 443.8092 402.7783 319.2701 305.447 383.6302 431.7356 447.3438 376.9959 478.895 604.331 654.8829 603.9939 456.7784 524.6894 568.8069 597.8184 620.0654 630.3959 629.6597 467.1845 502.3837 586.1636 484.3241
20.13383 20.96778 21.16524 22.00833 22.43531 18.44339 22.18898 23.21465 22.95806 25.61905 28.6819 31.55346 34.36564 37.3681 42.00137 44.45504 46.60705 48.58183 52.18943 54.34155 56.88999 61.13392 64.86277 67.68558 70.08389 72.91973 76.54523 81.12319 86.36479 90.66645 96.05881 109.2485 103.7747 110.8516 114.4953 141.4042 148.6461 148.6266 168.0951 205.5808 231.1647 240.9164 291.0851 313.8006 392.8853 360.035 383.61 441.7917 457.4964 341.3879 279.4693 313.6457 392.5777 325.1893 387.2742 440.6768 492.8877 648.904 597.2292 516.0814 396.2003 469.718 600.7243 591.6391 528.1033 560.2618 498.5744 453.0298 417.6915 518.2739
18.49097 19.67759 20.35056 21.66163 22.48619 23.33282 19.02766 21.11344 22.31488 24.5554 27.60238 29.4338 32.39271 35.57617 38.22699 42.26765 44.62132 46.77434 50.02438 53.45441 56.42206 58.70987 61.52555 64.76549 67.78986 70.36606 75.38456 79.98799 84.79722 88.42537 94.0459 92.92451 85.6544 98.7484 104.9362 110.6728 119.7922 164.2597 186.2253 177.0607 202.2649 261.6703 295.2693 313.2125 388.1003 337.6268 391.4626 364.7321 460.5796 380.0032 270.4895 340.8244 310.5379 358.5952 426.1011 583.5664 670.4507 629.8806 609.1227 569.4014 437.6967 393.8313 517.7111 488.3499 385.7015 425.4294 385.2235 444.7703 522.4628 559.4305
17.71004 18.4915 19.16866 20.68831 21.79598 23.25407 23.6303 22.18879 22.86345 24.05413 25.33471 28.29392 30.8351 33.22081 36.83237 40.14566 43.19293 45.78823 49.26712 52.54383 56.22521 59.07317 57.98644 62.62403 68.22292 72.387 74.91782 78.35445 81.31362 83.58982 82.70491 81.18777 85.03455 90.43568 96.53428 106.2751 121.2595 151.8184 146.8304 185.4318 199.9462 207.0254 270.9182 294.7057 312.4338 338.6868 326.0099 316.9324 405.588 354.1424 268.8417 294.0912 322.9641 364.726 473.6318 567.6534 633.5464 639.2447 602.3521 552.7067 431.5378 336.6811 425.3005 438.0814 355.8361 364.5617 460.5364 381.4147 547.6328 636.434
16.76907 17.36553 17.95179 18.46638 19.17624 21.54444 24.37745 24.87357 23.71906 23.83999 24.8612 27.05665 30.08142 33.15028 36.79278 39.38242 42.70708 45.80299 48.28814 50.49574 56.13385 58.94995 61.7948 63.69482 66.60225 69.65117 72.31578 75.61044 77.97739 79.02848 78.8634 80.70213 85.68404 92.12437 97.2477 119.5123 128.6743 121.5063 165.3882 186.8496 208.1203 259.4482 301.3524 323.3106 285.1824 283.1772 271.4727 310.617 397.8774 356.4376 247.6063 249.9225 293.1854 402.4763 458.3828 486.1503 590.84 537.1939 489.356 460.1459 443.5372 316.6366 380.8304 348.2116 297.8785 409.118 568.1587 431.8155 554.671 651.1832
15.92452 16.28486 16.37613 17.51942 18.3144 19.04523 22.21678 24.29415 25.02379 24.17406 24.71004 26.51453 29.1864 31.67566 35.12143 38.04322 40.37238 44.41433 48.26447 51.84354 55.45692 57.35415 59.73544 61.38475 64.42734 67.54408 70.01211 73.33966 75.59311 77.21878 77.31689 80.38589 86.03168 94.30357 99.04828 106.1333 120.6333 153.3396 176.266 228.9117 233.9571 254.8871 235.7207 297.0291 236.4959 223.2856 241.0521 275.3418 342.0994 347.7288 229.1178 246.0856 305.8739 428.376 458.3687 407.626 490.6823 503.5561 376.2943 336.4234 278.3701 343.8301 268.071 321.4566 347.1083 490.6169 620.691 479.2739 602.2921 677.2094
16.61806 18.46538 17.08327 16.98515 15.14225 18.69781 19.25307 22.52985 24.32284 25.08438 24.58387 25.34084 28.64073 31.03106 35.4783 38.67156 41.47195 43.9147 47.28203 50.05737 53.82645 56.11411 57.50979 59.5727 62.07957 65.2238 68.1777 70.96175 74.15929 76.10052 80.27129 80.25534 86.60592 92.53523 97.09903 128.2278 129.1447 134.9411 184.346 175.8211 226.615 194.2167 234.7884 220.1609 199.3617 227.4977 300.3084 284.5251 334.7837 253.3315 200.5204 295.9067 390.4803 316.0081 379.1687 304.2556 419.6221 441.1187 369.1351 297.3587 251.3277 247.6458 338.0777 422.8834 550.5924 581.834 602.0724 589.1274 598.433 654.4409
17.82564 19.16667 18.86641 17.57922 17.3207 15.12313 18.38176 22.14247 26.61966 26.67235 25.15297 25.75683 28.5504 30.47292 34.73544 37.90922 40.59321 43.46402 46.79202 48.66251 51.27249 53.86295 56.62379 58.86351 61.44672 63.9821 67.16554 69.58694 73.96566 76.64722 79.43554 84.56487 87.25619 94.58453 95.94833 98.15993 135.3348 139.8561 151.1787 168.3209 187.2565 196.2108 194.303 183.2442 196.721 282.1746 317.4606 302.8406 304.0813 236.736 192.7393 304.1703 314.9211 299.0484 320.572 268.5195 337.0494 342.0861 279.9412 243.5598 283.8702 390.8495 461.4047 454.5903 542.9518 642.2294 614.7789 604.2571 617.2465 671.1459
19.17459 18.47038 19.19236 18.00542 18.63591 18.58829 18.23719 18.52686 25.20459 28.56301 29.2044 26.04555 29.01512 30.28968 33.39812 36.44754 40.05373 42.88784 45.60752 47.26749 49.98586 53.18135 56.21851 58.72564 60.65808 62.43237 66.99583 71.74633 76.82381 79.55757 81.53536 83.61366 86.21648 94.30568 113.3948 101.1223 107.5623 110.6379 124.9563 144.9548 147.2141 169.9574 221.4337 174.4282 211.6809 258.7607 269.8989 242.6165 206.8292 206.2345 194.3084 210.9682 215.9986 233.0253 300.7845 220.1563 315.8607 308.745 215.9139 276.2263 389.4847 432.0007 472.1201 596.6183 649.8236 661.3957 674.9025 671.7469 599.4077 665.2614
19.20882 19.11631 18.46559 17.89796 19.199 18.96169 18.85432 19.18848 18.22379 26.20968 28.87593 28.86806 28.35682 30.26212 32.78317 36.94455 37.63005 40.15671 43.65139 46.42627 49.7515 52.65607 55.42915 58.57787 58.87589 62.25911 67.30722 72.27119 76.34071 79.0148 81.58674 84.04472 86.02202 97.35404 117.1121 122.8321 108.4614 113.9464 122.3349 136.786 133.8013 171.8345 172.6627 158.4442 186.2567 200.7075 252.7616 175.018 168.916 170.9264 175.5794 179.5057 182.0269 186.0422 189.7792 193.5685 201.1577 206.1944 233.8809 372.4272 422.5202 534.0455 568.8601 621.1513 692.17 698.9908 693.5253 676.5905 665.9553 643.2804
22.24018 22.24072 20.8851 19.43921 19.04937 17.35115 16.82325 18.93428 19.19917 14.97514 28.35912 28.79166 28.92342 29.52802 32.38776 35.37281 33.75389 40.51689 42.69396 43.47269 48.03383 49.94676 54.48763 56.08382 59.91071 61.66887 63.55691 71.15089 75.2278 78.8552 82.20271 85.11345 89.27709 94.83562 96.73557 110.4406 129.4689 145.5109 121.6594 131.517 147.6383 151.713 152.2862 153.8062 158.4705 217.8891 156.7249 159.4606 167.8559 243.2383 228.6539 275.0707 317.0081 225.5597 217.1925 224.1849 246.6799 277.9346 358.7564 350.0956 514.6328 552.3701 496.9298 586.7975 617.8589 651.9587 700.9155 708.2553 695.6995 707.0935
22.2441 21.31967 21.28063 18.81587 20.31174 13.98972 19.1889 19.01864 15.23958 20.36126 25.33768 27.74516 28.28539 28.71524 30.1093 30.58515 34.39557 38.01416 40.10298 43.63373 45.74274 48.88221 51.02083 55.22474 59.25952 61.84948 61.87462 69.82281 75.01356 79.28503 82.78316 85.74419 89.90599 93.53983 97.61546 108.5721 111.2759 122.1667 134.226 136.8903 160.0953 146.5869 145.681 146.8012 154.6731 156.4458 158.6807 176.6025 242.3507 280.3639 346.4946 405.1226 384.6438 259.1173 268.4823 276.6034 330.675 384.1582 428.6504 476.4599 516.9781 477.4976 535.4785 565.7283 523.2825 576.3086 680.4397 709.6993 740.8982 711.1917
22.04556 20.41451 19.21011 18.66067 18.49556 16.62807 22.47335 21.78885 22.21003 21.85745 25.8601 27.47672 28.35074 27.21871 28.09487 31.79147 34.38658 37.46733 39.06711 40.14189 42.27085 44.79925 46.38711 49.66252 57.06363 62.59493 64.46499 70.2766 75.05913 79.3055 82.48457 85.3606 89.14227 94.57645 99.33195 105.1594 111.2416 118.3526 123.4246 133.163 159.1423 141.3441 141.0184 148.6552 157.8564 158.8738 161.7325 197.6413 229.479 233.4555 278.4242 387.3895 445.4717 353.6348 376.3362 343.0863 297.2278 408.1667 431.0148 438.9895 516.8699 405.6453 446.4366 422.3289 554.9863 598.9222 613.4674 677.7104 704.9221 733.3492
