data/map/CA_DEM/n36-37w121-122_merge_Resmp_ASCII/n36-37w121-122_merge_resmp_ascii.txt
ncols         617
nrows         753
xllcorner     1726034.5889377
yllcorner     463271.64830039
cellsize      300
NODATA_value  -9999
[rows 31 to 61 of 753, columns 70 to 139 of 617]
73.78291 54.26979 72.38515 70.24431 27.5013 54.23447 37.46766 31.83747 37.58789 31.95835 2.464849 18.54282 38.32433 33.71925 22.84477 34.9392 27.53749 13.47336 5.675038 12.50722 26.74882 24.48657 12.67227 22.89044 22.3186 15.88912 15.24352 15.25965 14.5953 13.88203 13.2854 15.48809 15.46865 12.937 12.71283 13.58384 14.83738 15.42262 15.637 15.93697 16.68108 16.86999 16.36352 16.72937 18.55979 21.67665 20.06614 27.9261 41.33389 56.6427 67.97984 104.8406 179.4321 274.043 298.1743 297.4576 277.4104 250.5882 323.0396 301.0599 390.2691 363.8279 477.7004 439.6095 368.0942 394.4186 296.1614 215.691 88.22472 137.3952
74.93896 86.65267 84.35157 54.72064 23.48528 21.49808 12.23326 20.59862 31.14756 31.04221 1.850256 32.59072 32.00853 32.78578 8.543519 27.13441 9.941375 13.63407 9.476276 26.27257 6.997563 16.45864 3.207401 19.27713 13.67592 13.88606 13.62144 13.29436 13.89979 14.81964 15.26975 13.64501 13.08084 13.325 13.04951 13.63756 14.43032 14.97839 15.037 15.75293 16.40392 16.33009 16.73671 18.21964 19.14 20.6302 20.06362 21.72338 43.32768 47.22396 47.92601 82.93925 139.8035 207.8322 249.4401 253.0885 305.8304 283.8885 275.5277 317.0813 370.1379 323.0675 402.9951 438.2246 304.8102 369.9302 252.8529 181.0893 142.518 77.23291
55.77012 65.3896 73.22854 88.65572 85.21474 64.92027 55.88626 2.329763 35.67839 33.37994 2.031497 25.18691 20.51316 26.97527 17.92999 13.90196 28.23897 3.275674 11.37476 16.03834 7.092098 6.940931 11.14088 11.84638 12.12145 12.21525 12.95394 14.17865 16.27284 16.837 17.00166 16.53465 14.42921 14.2121 13.46444 13.53716 14.1746 14.42427 14.17634 14.6592 14.85414 14.49035 17.98451 19.68359 19.91068 19.55057 19.137 19.137 21.41514 35.9634 46.68219 102.7494 116.4782 111.3799 156.1349 202.6885 197.1257 248.2323 274.6628 260.5201 273.4373 294.9949 312.5868 364.3389 289.4649 278.1546 334.6219 319.4043 216.0221 144.2
39.89537 57.56356 68.34058 86.78505 101.1685 85.05653 83.29404 40.01412 34.25672 34.88055 2.551459 13.91343 11.5413 19.59937 8.694527 2.138404 13.16459 3.273715 15.4359 19.99565 6.445946 9.577597 10.52713 10.91822 10.92503 10.90694 12.32044 15.26165 16.47112 16.337 16.23724 15.837 15.2746 14.83903 14.59826 13.19359 13.68111 13.79694 13.04739 13.23715 13.12011 13.23695 13.037 17.53725 19.4099 19.69314 19.83024 19.24903 21.88485 26.72779 31.18384 72.29033 39.77415 39.75316 112.1831 159.3555 133.4408 182.0669 245.3571 223.3453 254.3388 273.8199 280.0869 298.5049 250.9658 164.5326 223.4528 290.4204 267.4731 219.4257
30.26256 42.87943 59.27778 72.16624 95.29209 74.09505 74.95819 69.74928 1.795172 22.0915 1.740653 31.53248 14.56088 8.161725 9.487881 2.618703 12.14808 4.080702 5.500459 20.51098 3.855546 8.872912 9.727806 9.783575 9.889035 9.991447 12.50006 15.88381 16.23668 16.037 15.737 15.53699 15.13695 14.73751 14.137 14.39999 13.46332 13.82955 13.62954 13.65396 13.56462 13.807 13.73701 16.02466 16.09974 19.0193 19.137 19.137 21.57779 20.63713 18.75869 17.21488 21.57281 22.88909 20.92988 60.54597 145.9909 187.8009 208.1588 208.059 195.7749 153.5383 112.618 156.8962 205.81 128.7278 82.55785 117.7088 175.1676 119.9893
28.39944 35.63104 49.62608 57.09259 82.41916 79.55878 68.11291 65.41624 9.553109 6.502089 2.582615 28.8898 10.35259 15.13833 3.07746 4.292167 19.48319 15.13278 14.40536 6.967817 4.497806 8.010727 8.76053 9.026504 9.017521 8.738392 9.573596 14.55404 15.00899 14.94101 15.49367 15.04357 14.82605 14.33706 13.73701 13.83701 13.85586 13.31921 14.03278 14.56904 14.49714 14.68822 14.53868 14.33776 15.83293 16.65165 17.73696 18.73099 20.63478 17.04206 16.80036 25.71118 64.05806 98.27431 59.68031 20.19324 78.99552 122.8075 160.053 149.2452 177.608 73.71098 43.31081 21.38325 96.3835 46.41613 49.51599 43.12318 50.92842 48.30571
23.59135 27.05257 41.53551 42.73104 57.43332 60.98247 68.75417 60.04932 38.20004 2.926783 2.992852 17.78509 14.33633 10.29378 14.66624 13.61618 1.911303 12.6047 5.353119 4.068849 6.389658 7.016131 8.080735 8.528184 7.853315 7.305113 8.562492 11.58609 11.45734 10.41764 11.5396 13.28069 13.85061 13.5359 13.337 13.237 13.037 13.98275 14.9368 15.23213 15.43799 15.637 15.83619 14.14777 14.83658 15.63911 16.41568 17.97412 15.9676 17.47785 20.4722 27.36279 62.44645 81.46164 77.6658 19.42814 49.96363 97.82608 122.8735 106.1588 79.72561 27.37151 42.6389 99.11209 39.02138 27.11221 39.28687 43.74283 46.437 47.59042
24.73594 30.71761 34.1655 43.46795 46.94597 55.90744 55.94089 44.24646 27.13896 3.412339 1.945489 13.41607 18.70717 5.293716 13.98185 3.99631 3.762876 3.928757 4.333246 4.899908 6.027592 6.929642 8.031086 7.828012 7.215142 7.030513 7.540092 9.304511 10.00323 9.837003 10.61531 11.43716 12.52806 12.979 13.237 13.237 13.037 14.94646 16.80765 16.10039 16.037 16.51074 16.75584 16.83932 16.58968 14.73925 15.22682 15.15317 18.05479 20.11225 22.8821 30.63372 45.46667 60.37237 104.4122 24.42177 36.2073 41.12999 49.04395 51.97459 24.90426 87.36633 127.0158 124.9309 86.26686 31.03913 27.87979 48.9006 46.44186 50.64016
22.49856 30.21161 31.66328 37.11983 43.28904 37.61852 34.67221 29.75281 15.05975 3.602794 2.371941 14.25233 6.933325 3.506062 3.537314 3.728 3.928 4.327867 4.820673 5.528265 6.228 6.928002 8.028628 7.537348 7.127968 7.727476 7.839319 9.168304 9.64143 9.737002 10.07256 10.33692 11.18565 12.57905 12.837 13.037 14.88249 18.56996 33.0628 17.54428 16.33262 17.21374 17.53718 18.03096 19.137 19.537 19.23375 19.31421 20.55676 22.13704 22.97215 24.57301 28.41798 41.83541 73.62803 18.38629 22.18344 18.97833 33.48112 30.03096 27.11467 54.1351 124.5555 121.7532 140.0541 86.7298 42.57975 29.62599 39.69553 43.19566
46.6151 39.93136 36.21014 28.53692 43.50876 28.52762 34.15341 33.6791 28.84796 2.699214 3.369277 14.211 3.628001 3.69268 3.825929 3.928 4.328 4.714422 5.133469 5.827946 6.424169 7.028005 7.59319 6.938477 7.536056 8.293978 8.735119 9.237405 9.755466 9.637 10.137 9.913553 10.67429 12.30361 12.9449 13.037 20.33586 113.9862 101.141 72.3237 18.86276 18.18921 17.83701 19.02618 19.23656 19.73698 20.037 20.13708 20.73853 21.53629 22.1344 23.15284 24.61806 35.74831 72.6905 29.73121 27.078 19.76403 34.28775 24.22697 30.05716 66.34783 107.2898 123.5848 164.014 93.87294 138.9669 91.49066 26.03418 34.06452
0 48.17652 49.55 49.69501 55.28905 42.72257 37.32705 22.42091 19.09412 3.369354 1.818922 3.597867 3.828 3.828 4.028 4.242705 4.542597 5.027956 5.520671 6.02829 6.561467 7.152722 7.071645 7.182896 7.940404 8.59764 9.450615 9.645016 9.637 9.670214 10.137 9.837 10.85998 12.54456 14.53906 18.26982 83.41251 71.40737 53.29931 94.78758 73.28657 18.79179 18.537 18.33723 19.13702 19.53554 19.93918 20.337 20.83699 21.53705 21.64904 22.63369 24.17813 50.72474 85.31211 29.73895 27.07357 24.51352 26.91115 22.5071 33.87909 65.97186 98.86273 131.2752 141.8968 141.201 163.6989 138.55 112.5379 74.37484
0 35.04149 39.82178 49.71597 43.40017 41.10007 45.45519 18.15861 27.98608 17.57008 5.198291 3.527984 3.728 3.928 4.328 4.528001 4.828 5.227933 5.774262 6.228 6.727009 7.22901 7.21105 7.82922 8.427039 9.127439 8.95332 9.937897 10.82246 9.903199 9.837 9.937 11.53892 13.08941 35.72297 73.60475 51.42971 38.47367 43.9542 48.80956 50.07871 62.19767 45.15825 18.79482 18.53701 19.03668 19.53641 19.93692 20.43612 21.74874 22.137 23.3848 24.71189 58.5668 41.16335 29.0463 27.12979 18.83708 21.74527 24.92062 38.10541 67.21792 90.75175 122.5583 146.9759 159.9049 140.5927 129.5873 133.329 127.6351
0 0 54.10894 49.57721 44.46704 41.14915 38.42414 43.66547 26.80862 14.00381 3.630311 3.628 3.827984 4.228287 4.519608 4.828 5.128 5.428001 5.928 6.337025 6.801771 6.928 7.226942 7.58306 8.923824 9.433146 7.969881 9.637085 11.10591 11.53702 10.10311 10.97568 12.82021 32.51585 37.63844 27.98411 55.04465 80.2608 78.57912 99.31071 92.11592 67.0258 86.62565 54.33799 18.64049 18.637 18.94327 19.21417 20.35605 21.63383 21.6342 22.43812 25.02809 63.83049 30.91603 29.44016 28.99122 30.09443 32.39951 35.36143 58.68988 85.26757 158.0972 209.3044 214.7786 162.8438 154.8671 131.4633 131.8709 118.2794
0 0 28.01221 37.37967 36.03723 38.19219 34.83775 33.4376 21.182 3.528001 3.524469 3.816833 4.028001 4.428 4.715759 5.028002 5.228169 5.628841 5.931759 6.367465 6.801819 6.928 7.028016 6.928001 7.190217 7.476533 7.337541 8.632266 11.63463 12.23567 11.83578 89.37413 71.22906 25.533 59.92527 68.67718 115.9353 122.3166 129.6196 121.4097 120.3637 130.0906 106.2437 121.7908 51.07527 18.63721 19.037 19.11767 21.06632 21.637 21.84316 23.62942 39.47947 83.69449 34.42096 31.25985 34.00816 35.63631 43.46878 51.78371 114.9325 163.6942 192.3114 177.7276 211.4913 206.9907 149.0692 144.474 132.9353 145.6861
0 0 0 46.91131 30.9976 35.82095 21.37015 26.39767 3.473955 3.346887 3.627789 3.928 4.161289 4.535774 4.927829 5.038843 5.495667 5.748438 5.837928 6.077641 6.128002 6.527846 6.045947 6.218516 6.434174 6.333531 6.643964 8.467428 12.6557 40.04725 18.60276 33.02087 18.54949 25.47937 59.58731 65.3645 70.08402 92.04233 104.0078 102.95 143.9146 110.1893 126.1588 105.5323 79.87 25.3365 19.00538 23.52229 21.97302 30.44577 24.06765 46.55931 86.73746 57.87199 73.16152 52.47242 79.80088 50.23008 54.42205 69.73527 96.37703 115.6093 148.8225 186.2145 209.9844 181.6792 203.6767 197.8576 197.4785 120.4419
0 0 0 6.925021 34.84377 40.58931 24.16476 3.496755 2.615654 3.128867 3.828 3.828 4.25002 4.940226 5.012217 5.528001 5.799524 6.028002 6.127933 6.328001 6.345127 6.528481 5.401464 4.927141 4.332656 3.913061 18.85887 11.25419 12.02417 11.08198 22.59825 41.56806 49.01517 76.4586 52.8238 81.71278 87.23612 81.72883 91.43513 97.27411 127.3379 117.0866 79.62302 88.01246 87.25509 58.58644 24.50742 48.26105 75.85912 66.59106 102.6564 115.138 64.45799 69.64928 111.619 124.6474 134.4833 110.8454 83.22841 131.3329 165.4478 160.3627 166.8535 171.623 169.4669 192.7455 184.365 217.2249 207.7197 156.6002
0 0 0 0 12.40594 18.98396 3.510895 2.518822 2.523966 3.333877 3.635831 3.270369 3.547784 4.434864 5.01429 5.727076 6.228002 6.449914 6.528001 6.632339 6.729609 6.802011 12.05556 6.402954 22.56079 46.10131 25.87143 26.49537 50.40602 78.89973 87.0209 81.13869 84.41362 98.20161 85.51391 75.73678 82.83923 106.268 104.081 99.98846 88.4866 120.4812 85.003 53.24767 62.88715 32.24381 68.78611 84.77144 115.502 149.6818 110.4956 82.34393 55.12148 83.33828 129.8681 149.0613 144.0444 148.029 89.25742 105.3103 117.4175 120.934 163.2032 198.1642 148.814 190.7919 179.1388 170.4402 199.3723 215.6682
0 0 0 0 3.453773 21.0818 -0.01456314 1.624009 2.197764 3.411149 3.638972 2.428952 1.972928 3.439307 4.496841 5.422086 6.358644 7.505651 13.59994 11.23198 29.47947 27.21944 54.66345 51.36212 42.12989 53.17586 39.97687 7.440232 45.43713 74.0078 42.70198 63.17249 89.05956 102.6385 41.86099 43.33563 59.21552 74.11972 88.50392 62.79769 109.5698 113.0735 114.298 111.6145 33.05192 74.43533 100.0273 106.16 125.4042 123.5049 78.35257 52.65982 79.37469 138.8014 131.6405 133.1175 133.2896 116.4099 86.68705 153.0881 167.8508 162.5541 190.3814 158.9938 143.5719 147.7269 131.4292 154.6712 161.1151 178.9933
0 0 0 0 0.7730772 1.977805 1.026023 1.812528 2.72255 4.027135 3.490136 1.978418 2.895993 3.265341 4.876883 6.040151 16.54756 52.67587 42.07105 52.26115 52.16882 49.89965 53.06182 50.0666 42.80982 44.57534 44.39995 3.113271 31.98284 42.53122 36.60311 55.53843 58.45304 58.28811 20.73925 61.56733 42.74518 46.41755 55.09127 73.20161 114.9473 95.56961 103.6534 82.32289 31.27453 44.4721 50.79543 85.02374 126.2943 125.2159 105.5484 40.97876 75.1209 131.3463 112.383 100.3602 148.6622 118.8789 86.75369 105.3196 118.7266 143.4294 173.8863 133.1625 102.0085 111.1563 151.7377 184.474 191.0098 182.4094
0 0 0 0 0 3.831479 1.926195 2.127527 2.881765 3.708489 1.826003 3.221985 3.525992 3.726001 5.640998 31.26498 46.52324 43.3675 53.50391 52.88507 51.47828 50.37473 48.12059 44.55783 40.64709 18.51759 19.7292 6.846149 37.62482 40.66854 34.00256 36.32442 40.45094 30.30098 41.1764 53.06389 83.91236 97.23583 84.22793 87.00456 93.77733 74.48992 72.79613 44.79587 62.45446 74.7421 75.26764 73.61061 72.06246 79.21036 48.86874 44.28584 110.204 109.8265 95.78295 99.05484 121.0232 88.03741 112.4826 138.4397 134.3792 148.1669 151.7971 156.5406 79.60584 127.4634 135.9868 151.4682 148.3881 156.3333
0 0 0 0 0 6.366189 1.986238 2.226 2.793481 3.339325 1.902127 2.728115 19.32292 31.53576 6.616313 21.47891 50.08055 50.25735 53.0172 49.53295 46.91521 44.97265 41.01452 35.93134 35.23142 32.12051 8.178954 4.15665 17.61891 19.26411 29.13451 18.61158 28.31188 24.48077 22.48381 46.83041 57.79185 46.90559 45.69557 46.21251 56.13332 61.98286 63.807 46.46752 63.90766 39.58545 64.10358 38.10474 36.05536 52.46879 47.62442 69.37085 71.40855 71.00866 77.55594 90.34734 96.9851 66.27033 97.73666 100.8841 102.3648 128.9842 120.6049 152.3934 77.98492 85.58694 119.8602 135.3854 163.2283 186.4678
0 0 0 0 0 0 2.454118 2.063022 2.419574 1.726 0.3359033 3.131326 7.757833 12.32057 6.601266 37.44569 40.9934 50.86052 53.12483 54.53748 50.64554 44.36044 37.05457 13.05431 35.88938 6.405859 4.792029 3.664218 7.201275 19.15131 12.23394 11.88208 11.03334 6.580935 10.90392 21.70597 18.49236 30.52402 50.5245 57.02148 42.89926 41.79897 61.18425 49.93826 36.0229 58.15905 45.09557 17.15552 24.59296 20.48614 35.30912 35.48264 62.83883 47.6559 57.4754 49.38996 78.02158 72.4189 77.95897 74.11435 86.80487 78.9653 111.1033 95.00849 76.06595 145.9269 130.3945 124.849 130.0853 150.8553
0 0 0 0 0 0 6.92609 1.825989 1.726 1.726 1.726 20.71529 24.84495 6.298432 6.049551 21.85101 45.49609 49.25332 51.55557 52.61634 51.2133 52.62605 46.55609 6.346476 19.22719 4.145279 3.235537 3.077365 3.194719 6.380086 8.275996 2.908145 1.985864 1.872627 2.418659 5.108266 13.47643 20.10699 28.67844 34.80605 16.03605 41.25324 56.42853 57.08178 24.10817 36.3553 18.8196 21.34021 31.98289 26.31414 25.81956 49.20318 46.62941 30.49581 36.93353 57.81675 63.41787 54.58484 48.00175 86.75581 78.20661 69.04785 103.7489 69.97436 88.00766 89.54948 80.04971 115.862 137.3225 135.5586
0 0 0 0 0 0 0 2.219651 1.726 1.726 1.726 18.9353 32.2288 41.18284 39.99951 7.577089 47.5169 53.11124 55.30362 55.865 60.39924 54.94926 26.34589 3.066241 6.395083 15.86896 1.971808 1.64608 3.818288 3.067569 3.330007 6.429585 26.13689 35.12469 12.47787 15.64322 2.910231 6.333948 6.863712 8.175096 18.84306 23.65991 11.03983 12.38674 24.99761 21.28205 18.09722 30.88885 38.48115 31.04247 26.37403 25.74518 26.68731 37.1395 58.17476 54.13296 59.88185 54.46507 75.11107 60.9029 81.64753 86.8107 79.45677 80.17264 79.24736 71.85154 69.69649 85.30275 110.2637 93.98557
0 0 0 0 0 0 0 6.747713 1.726 1.726 13.69522 14.82215 21.57397 32.83601 42.62048 43.93144 42.75218 53.15742 53.78614 54.72831 58.19044 55.55175 3.589933 2.415862 0.697938 2.10245 2.947242 5.301769 69.75388 83.99078 52.74865 33.1803 53.64181 26.5715 56.36768 25.32358 5.433069 20.51586 13.52543 19.10554 9.423364 12.92309 11.82228 14.32526 16.95646 12.73792 17.81775 42.15636 59.94495 52.03994 38.46429 40.05952 30.2148 31.30938 35.06181 42.99958 47.70866 59.11136 58.2631 61.14248 65.92754 70.81718 66.4358 57.04779 65.26756 158.2133 131.022 72.00375 75.21049 78.94154
0 0 0 0 0 0 0 0 0 3.161499 12.78496 13.97769 15.83168 21.54755 36.12754 44.03946 47.34406 53.17376 58.46765 52.28931 53.04955 29.96285 2.907679 3.058562 5.689041 3.018362 3.761613 66.31097 114.9959 107.9783 66.91932 88.46742 61.14028 37.93295 68.89417 42.70551 61.30627 46.02405 20.28218 23.877 28.2412 18.74059 23.39576 27.82505 11.9527 34.42157 20.67829 56.92141 81.52544 90.89594 52.46316 76.43326 77.75426 75.79034 56.99379 45.04612 36.27736 46.31266 57.23668 82.15595 68.62452 47.91825 54.58266 74.90905 132.0418 163.5204 178.7739 163.4899 165.3263 127.872
0 0 0 0 0 0 0 0 3.174065 3.904549 9.485851 11.39283 19.01907 20.50884 31.11136 40.33719 41.39162 49.29252 54.4535 51.25098 50.05043 32.27586 2.683594 3.96678 16.68923 43.24762 26.50891 66.77572 80.59309 76.6732 80.04775 97.90041 97.64211 49.26161 83.44868 43.8401 84.15194 78.06485 60.36458 43.08031 46.56166 38.80498 62.54516 31.16402 57.43112 85.56355 32.95758 81.88349 103.7424 80.1576 49.97005 110.0906 72.42923 115.8277 89.65897 86.10789 44.62239 39.20067 39.13233 41.13842 43.3842 60.84407 134.5721 149.9987 173.0182 177.6627 177.7501 188.7832 232.7838 245.2517
0 0 0 0 0 0 0 0 4.180716 4.991954 9.546235 9.038901 11.97761 11.94715 25.93296 39.09175 44.16655 44.54635 50.85667 47.39522 46.13901 25.87961 2.881325 2.336779 3.524226 17.42275 13.86436 33.28617 54.16821 106.4513 112.8427 92.61524 103.0179 72.97613 96.14203 58.03394 112.5711 90.74048 66.42959 115.6759 92.77892 98.33624 69.48331 33.74104 74.67656 79.67812 38.34758 50.35514 102.1425 110.4669 72.43404 95.90691 90.85609 102.2802 137.4364 102.3158 100.4296 50.04784 52.55644 64.11664 43.37421 60.47232 77.09937 133.0155 144.6514 143.7265 178.7841 155.25 190.6911 232.2974
0 0 0 0 0 0 0 0 0 3.907722 4.46035 7.038909 8.208417 10.1361 18.73613 27.61979 32.17181 36.156 47.71392 52.56785 52.67999 47.29241 3.612957 2.154591 2.425223 7.523634 20.95798 57.45258 62.40909 56.98917 76.59911 94.81803 125.5162 79.90891 113.7049 79.69776 89.10535 111.2388 57.40004 98.43053 118.9236 86.87703 75.18905 41.40571 82.37894 74.29808 81.62672 53.89616 91.40977 140.3647 107.7221 92.21391 148.7513 101.6693 118.7486 136.1237 127.6635 94.50546 56.03935 61.54723 106.8992 58.04253 53.04758 86.22839 118.8601 155.3992 177.0607 132.7484 153.0378 207.7596
0 0 0 0 0 0 0 0 0 4.188481 2.442215 3.180322 2.579747 7.900469 11.21223 16.22559 33.68565 34.90927 46.21535 46.45702 49.84822 50.19299 13.6837 3.217142 1.929683 2.593117 5.304941 13.31565 25.06199 66.78396 94.57381 63.31918 77.57337 117.8914 103.989 112.2044 113.5071 133.9146 104.9178 84.68987 121.5731 114.8598 96.13802 59.00531 79.49801 123.271 109.7231 50.17432 83.11481 134.7098 111.8767 99.20222 102.73 141.1251 116.1656 140.6618 130.9111 126.8429 70.58667 57.07737 75.01327 130.1651 104.3707 82.27191 84.1486 134.6842 165.5793 120.0495 178.7023 171.9507
0 0 0 0 0 0 0 0 0 0.1084132 2.944425 4.415013 4.557014 3.162956 3.358853 15.66441 28.13878 30.12856 43.99191 41.06054 45.13922 44.50871 39.58168 28.51669 2.809154 1.863205 0 0 3.032145 7.869967 22.36457 22.69971 45.87079 83.53296 106.1214 98.85805 103.5335 107.0697 115.1165 108.1198 104.5013 127.5126 88.00403 101.1003 57.43702 84.602 119.8675 63.61718 80.74909 117.1315 108.4149 149.0056 151.9891 135.5966 182.5334 155.947 127.6492 125.4916 76.65898 95.96486 58.78513 101.9988 94.51495 140.1554 144.9006 79.11012 108.395 156.0607 155.3703 135.6262
