data/map/CA_DEM/n36-37w121-122_Resmp_clip-Mod_ASCII/n36-37w121-122_resmp_clip-mod-west_ascii.txt
ncols         199
nrows         232
xllcorner     1775234.5889377
yllcorner     546071.64830039
cellsize      300
NODATA_value  -9999
[rows 96 to 127 of 232, columns 71 to 141 of 199]
517.5372 600.9629 603.4313 573.9931 575.9337 578.8978 667.849 686.8354 771.0764 744.197 653.8659 599.9924 644.3976 603.8323 606.1244 635.2405 567.4628 514.4696 518.5311 424.717 355.4699 312.9435 304.8807 316.0923 304.8 279.4798 264.9586 257.804 255.4824 247.9643 257.7904 247.1846 259.5351 234.7032 248.3528 342.1048 386.1089 474.0644 425.2451 429.3137 327.2142 326.5823 359.2649 367.6232 -9999 -9999 -9999 -9999 -9999 -9999 -9999 -9999 -9999 -9999 -9999 -9999 -9999 -9999 -9999 -9999 -9999 -9999 -9999 -9999 -9999 -9999 -9999 -9999 -9999 -9999 -9999
483.6803 513.9334 517.2606 493.0023 547.2294 552.0546 605.3346 707.1736 768.0566 778.1998 658.4106 632.0012 691.8992 648.4394 710.5853 715.0515 610.5497 579.8791 463.7166 503.3887 468.7729 346.046 313.6816 311.1354 344.0295 361.438 343.9462 265.4821 284.1941 261.6948 291.5952 387.853 303.4454 287.0008 261.9503 360.6069 410.6013 447.1966 469.1128 490.7081 422.0974 435.9419 345.961 358.2691 -9999 -9999 -9999 -9999 -9999 -9999 -9999 -9999 -9999 -9999 -9999 -9999 -9999 -9999 -9999 -9999 -9999 -9999 -9999 -9999 -9999 -9999 -9999 -9999 -9999 -9999 -9999
456.15 466.8481 465.8192 454.8998 484.4362 582.184 641.5907 687.9976 702.3542 773.4478 720.518 726.7927 743.9224 750.8324 767.0694 737.6845 675.9659 618.253 616.7991 508.5096 412.1408 362.6927 426.5367 426.8351 416.7216 329.1722 280.4547 366.0186 369.4936 290.5193 275.8824 351.9518 396.63 379.9743 256.2671 364.8381 372.2861 384.8606 378.9954 433.0076 523.8825 409.2346 356.7325 397.1523 359.814 -9999 -9999 -9999 -9999 -9999 -9999 -9999 -9999 -9999 -9999 -9999 -9999 -9999 -9999 -9999 -9999 -9999 -9999 -9999 -9999 -9999 -9999 -9999 -9999 -9999 -9999
450.724 448.5096 439.9443 464.8266 516.6254 649.5464 592.7254 608.0325 702.0816 739.7596 788.7552 802.0317 810.3463 844.549 805.3409 705.7051 742.5354 698.996 608.5532 528.1013 470.1527 369.5786 476.4118 418.3481 392.2832 371.4661 323.0685 413.1732 438.7906 332.2834 400.4694 296.0067 405.0214 327.0932 286.9394 277.775 401.801 392.5261 352.462 408.6401 467.554 473.0522 390.1502 355.1248 364.2816 -9999 -9999 -9999 -9999 -9999 -9999 -9999 -9999 -9999 -9999 -9999 -9999 -9999 -9999 -9999 -9999 -9999 -9999 -9999 -9999 -9999 -9999 -9999 -9999 -9999 -9999
439.006 445.2711 433.7613 482.7575 496.0566 545.1202 548.1345 614.9673 692.6548 679.9098 747.3459 760.5687 752.4125 830.5616 704.278 687.6236 688.0282 675.1894 592.3795 565.8514 488.5648 432.4326 522.7892 394.7805 347.261 304.8911 365.9464 447.8847 463.1568 366.5615 490.7137 339.6374 355.6395 472.679 382.2789 274.529 384.4009 530.7242 443.3383 405.4714 398.4115 451.7809 520.1839 384.3441 349.9457 328.4181 -9999 -9999 -9999 -9999 -9999 -9999 -9999 -9999 -9999 -9999 -9999 -9999 -9999 -9999 -9999 -9999 -9999 -9999 -9999 -9999 -9999 -9999 -9999 -9999 -9999
398.3884 422.2962 451.9731 451.2296 504.5827 578.227 637.5242 729.8389 674.8558 679.2745 714.3158 735.4002 768.5162 753.2944 763.0213 644.9844 750.1713 667.2062 592.2235 558.3864 544.9025 488.1136 509.2654 434.1636 361.0526 350.501 410.0272 380.9186 477.1114 469.8583 385.8943 400.1595 353.0184 476.1522 426.6206 374.6421 339.5475 412.1213 545.5142 454.556 467.5978 495.562 453.9873 437.9851 335.9903 281.9586 -9999 -9999 -9999 -9999 -9999 -9999 -9999 -9999 -9999 -9999 -9999 -9999 -9999 -9999 -9999 -9999 -9999 -9999 -9999 -9999 -9999 -9999 -9999 -9999 -9999
395.601 420.5096 460.2706 469.1599 523.9903 548.7799 639.103 646.9104 651.7234 619.664 654.3568 691.5646 727.5803 736.5853 666.064 628.4937 740.7953 662.4468 598.7426 544.3091 501.9915 505.7332 537.7203 448.6655 392.0228 464.3002 517.4199 447.7814 483.0773 465.1846 396.6117 440.6629 430.286 374.0949 451.9497 364.2211 322.2341 396.1171 522.9139 558.8423 612.761 545.9785 428.4632 382.4143 376.5703 314.605 361.7305 -9999 -9999 -9999 -9999 -9999 -9999 -9999 -9999 -9999 -9999 -9999 -9999 -9999 -9999 -9999 -9999 -9999 -9999 -9999 -9999 -9999 -9999 -9999 -9999
437.4567 423.7536 422.5665 410.303 436.4106 564.7682 525.924 530.2725 548.7905 584.8115 715.7167 764.7577 750.6712 737.8435 674.1604 615.89 645.6282 673.514 614.4104 569.9973 536.8195 475.723 470.017 487.7603 527.9353 528.7012 466.7824 495.4677 535.6703 462.4321 491.8212 459.4176 427.8875 415.2766 437.7354 470.4473 439.5702 341.0078 442.9818 513.2457 630.7823 425.2979 427.0485 382.1614 326.5262 344.4386 398.5274 345.3882 -9999 -9999 -9999 -9999 -9999 -9999 -9999 -9999 -9999 -9999 -9999 -9999 -9999 -9999 -9999 -9999 -9999 -9999 -9999 -9999 -9999 -9999 -9999
454.5702 406.5771 400.9405 406.7568 436.5657 428.3553 495.8687 500.4647 504.1129 575.4876 690.1885 695.2672 655.491 698.7299 667.8535 637.796 654.0665 672.022 604.5165 623.3538 550.6116 455.0941 445.6843 475.9396 520.2098 542.0743 445.6239 463.7763 445.165 489.3829 551.1127 539.4525 498.8616 455.0564 497.866 449.8949 468.9773 427.46 401.9364 484.7383 594.6107 537.7651 572.2166 479.1881 387.6794 368.6849 367.6649 408.8369 -9999 -9999 -9999 -9999 -9999 -9999 -9999 -9999 -9999 -9999 -9999 -9999 -9999 -9999 -9999 -9999 -9999 -9999 -9999 -9999 -9999 -9999 -9999
396.2995 419.1823 396.3457 393.0862 417.5432 423.6176 435.0322 450.8852 490.2434 488.9518 629.2145 639.9981 630.2898 684.657 633.9781 564.7752 649.0163 627.7914 543.7026 499.8266 566.243 493.8594 451.6761 483.6172 468.0936 514.1496 436.5454 476.2407 484.7911 522.7857 558.3115 499.1603 561.5995 522.9287 527.5825 539.8871 551.4611 439.1788 425.9624 484.9931 525.2895 642.6133 494.9555 447.3474 453.9795 454.839 390.9352 396.3962 355.4944 -9999 -9999 -9999 -9999 -9999 -9999 -9999 -9999 -9999 -9999 -9999 -9999 -9999 -9999 -9999 -9999 -9999 -9999 -9999 -9999 -9999 -9999
393.8084 463.693 384.8884 424.1981 437.4677 422.9787 443.1624 445.6383 439.1247 470.5351 557.1602 549.0842 543.5214 558.8353 584.1204 608.9313 605.9205 615.1436 608.3515 491.7676 508.7373 497.9396 424.0073 501.8066 510.1452 473.1211 415.3577 437.8296 485.434 507.3582 515.0798 508.2904 563.2591 598.1204 566.0254 572.1929 586.515 520.2845 490.6869 482.5761 621.1256 521.3356 480.5481 484.8279 392.3165 382.7379 411.343 345.9388 395.9244 -9999 -9999 -9999 -9999 -9999 -9999 -9999 -9999 -9999 -9999 -9999 -9999 -9999 -9999 -9999 -9999 -9999 -9999 -9999 -9999 -9999 -9999
395.4755 396.4858 402.9486 389.8992 408.4686 445.6029 461.8589 428.3471 441.6649 445.804 522.559 474.28 517.238 490.9334 488.6319 605.6111 566.5274 539.1653 526.5801 480.5744 452.2242 441.1256 435.6371 465.2771 487.4704 415.7942 406.1222 465.2368 493.6082 457.241 502.2714 573.582 553.2296 552.5536 577.4241 640.9841 591.5911 572.6405 561.9092 601.864 562.092 484.6791 622.9341 658.9419 584.1386 450.8898 369.3805 403.6205 392.5629 324.2998 -9999 -9999 -9999 -9999 -9999 -9999 -9999 -9999 -9999 -9999 -9999 -9999 -9999 -9999 -9999 -9999 -9999 -9999 -9999 -9999 -9999
430.506 392.5536 381.8751 387.4529 401.4032 433.3222 459.7958 407.496 424.565 424.2413 444.4103 457.0051 497.6837 490.0678 548.6814 536.9534 502.413 530.3672 550.6888 495.6581 426.9957 410.5632 398.8364 464.7511 493.2983 413.645 414.9286 488.6944 423.7477 480.6911 515.4429 512.6124 516.6929 607.1753 631.2427 598.0784 524.9975 547.8076 520.1714 533.9807 582.4983 597.3787 508.2094 553.1033 487.3219 425.1152 417.6027 335.0059 371.3639 361.4138 -9999 -9999 -9999 -9999 -9999 -9999 -9999 -9999 -9999 -9999 -9999 -9999 -9999 -9999 -9999 -9999 -9999 -9999 -9999 -9999 -9999
467.4197 401.723 368.1836 371.4848 400.3308 388.248 404.6331 413.2873 488.4724 431.2628 453.0941 430.6269 453.9466 471.8871 549.4133 559.2062 452.4889 586.4352 511.927 484.5421 455.5758 430.4061 388.8864 446.9926 411.7103 392.3766 456.6285 446.1007 455.294 522.636 467.4336 539.6159 601.4442 587.5674 622.2049 507.673 491.1912 588.4076 603.3447 614.3668 648.8309 599.6021 533.6089 473.2134 436.12 503.9055 394.7466 367.1149 336.2234 291.6009 287.0654 -9999 -9999 -9999 -9999 -9999 -9999 -9999 -9999 -9999 -9999 -9999 -9999 -9999 -9999 -9999 -9999 -9999 -9999 -9999 -9999
495.4555 418.7141 372.4664 389.3961 461.4892 427.0674 407.8629 433.3645 464.4974 422.9153 420.4612 441.8812 442.5629 464.3539 506.5314 431.5307 547.9877 604.7075 504.3354 502.8076 437.5266 471.7497 388.6616 441.2745 426.692 383.2066 443.2432 398.564 476.4013 499.0366 456.1642 556.0353 502.0105 566.7996 503.2139 484.1841 552.2913 537.2527 566.6572 577.8258 657.1876 643.5913 576.1027 514.8042 552.2833 448.8125 447.1912 365.7498 368.1812 478.4668 458.4681 468.4684 -9999 -9999 -9999 -9999 -9999 -9999 -9999 -9999 -9999 -9999 -9999 -9999 -9999 -9999 -9999 -9999 -9999 -9999 -9999
428.1728 393.5234 375.2506 484.0832 515.5564 470.2622 466.1849 431.7235 441.5083 412.8452 429.0617 454.7383 433.7719 438.4498 451.6755 418.6576 445.6133 560.8276 512.3251 551.0071 424.2006 462.0432 426.4246 464.0903 391.6525 380.1653 414.9786 432.4019 411.8521 434.2225 432.0463 498.366 474.6486 463.0975 519.3065 584.5852 642.9979 625.6677 619.0975 629.179 677.1396 669.6566 674.7195 644.986 564.2859 464.5277 561.6505 473.3438 422.6712 514.1464 501.4297 515.2989 -9999 -9999 -9999 -9999 -9999 -9999 -9999 -9999 -9999 -9999 -9999 -9999 -9999 -9999 -9999 -9999 -9999 -9999 -9999
428.9164 376.6787 454.7722 482.5939 436.506 505.198 474.7815 482.5266 421.4138 401.7997 396.6277 476.4337 429.7859 435.1454 430.7093 423.9384 440.3127 478.6415 420.9182 434.1963 392.6761 390.1065 388.6022 386.282 375.4223 366.6519 378.076 392.5112 496.8605 442.3607 475.1348 464.5993 452.2077 570.0176 586.7642 552.7015 619.2545 691.1828 716.7572 737.3318 703.8032 635.0048 598.4888 662.1587 641.678 600.0237 483.0963 413.7285 411.4236 445.5544 519.1345 482.9218 543.605 -9999 -9999 -9999 -9999 -9999 -9999 -9999 -9999 -9999 -9999 -9999 -9999 -9999 -9999 -9999 -9999 -9999 -9999
450.3029 377.4624 398.2932 387.1299 522.5924 596.9344 549.2802 506.9292 483.4019 399.2222 389.7234 444.5674 429.7325 453.3231 442.254 400.4 408.5495 439.6357 400.3849 414.819 390.8903 396.9763 374.0826 402.6673 386.8253 374.5883 373.386 454.8117 429.7456 403.3615 417.4305 413.3925 486.355 492.1824 558.7288 624.2281 695.9095 596.5201 643.3775 624.0222 719.1395 677.183 629.2007 624.5879 646.8423 539.4722 578.3799 580.3306 564.4504 556.017 434.7055 459.7727 532.7711 -9999 -9999 -9999 -9999 -9999 -9999 -9999 -9999 -9999 -9999 -9999 -9999 -9999 -9999 -9999 -9999 -9999 -9999
445.3806 383.2711 365.9546 417.2444 459.8538 480.2544 515.3801 457.6541 468.7108 464.0198 401.021 415.9639 394.7111 427.9227 436.5694 403.6942 408.0613 433.8619 388.6124 401.9189 416.9204 371.6789 364.3568 393.5146 380.8036 372.9355 410.824 422.9524 390.2506 446.8761 413.3329 411.3625 478.5551 481.0708 574.583 643.7072 552.8864 590.2925 539.3289 613.014 748.8172 703.1229 626.8383 551.0939 624.2663 705.0576 568.323 513.913 459.0138 453.859 448.1072 417.1873 449.095 514.4614 -9999 -9999 -9999 -9999 -9999 -9999 -9999 -9999 -9999 -9999 -9999 -9999 -9999 -9999 -9999 -9999 -9999
475.7211 408.1803 352.4077 383.1118 416.0696 418.4536 524.4545 388.8083 473.0963 438.4613 376.7933 429.0108 395.13 420.007 402.8807 391.3321 405.2285 401.6148 421.2802 383.2546 377.1154 366.3182 361.3343 361.4409 359.5258 353.1861 360.2557 371.791 438.762 393.4694 411.8178 436.6483 433.4814 496.2223 562.8896 616.772 560.3521 534.9923 551.623 648.8079 774.7971 656.4371 572.233 583.2316 636.2656 674.0592 553.238 675.2226 636.0856 493.3397 435.0161 379.0484 464.6379 430.3858 365.0103 -9999 -9999 -9999 -9999 -9999 -9999 -9999 -9999 -9999 -9999 -9999 -9999 -9999 -9999 -9999 -9999
481.6331 417.889 352.087 410.1233 434.9149 464.4146 464.2104 383.172 404.9469 383.3958 399.6627 481.5187 446.6659 410.8409 452.9463 419.5397 384.4734 418.5121 417.1394 391.9992 383.4258 363.0291 359.5746 351.1456 352.8357 352.14 366.5161 399.5576 424.542 433.9224 398.5885 428.2057 440.3524 495.0122 507.9668 540.366 487.3699 602.2823 609.7307 681.287 739.2444 701.8926 552.0113 646.758 692.9204 721.8318 622.1523 512.8108 458.5243 417.966 390.5775 364.1114 381.5659 398.09 324.6313 -9999 -9999 -9999 -9999 -9999 -9999 -9999 -9999 -9999 -9999 -9999 -9999 -9999 -9999 -9999 -9999
453.8081 396.2333 352.6971 390.8727 400.8825 384.0792 461.1446 362.4066 391.6191 357.12 455.3795 473.5157 456.3492 417.586 422.9504 402.4165 388.0105 397.7131 429.8434 429.8974 392.7354 376.5681 355.3652 347.8151 348.5092 347.1615 356.2812 384.572 411.9066 384.1858 378.5645 447.3929 497.9864 493.4333 498.1164 496.3697 573.0908 558.9281 647.2618 632.3348 705.175 651.1746 524.3521 662.5233 720.1943 712.9938 577.8426 604.283 606.5223 535.6393 431.6788 461.0724 406.0544 343.2086 461.4929 496.7026 -9999 -9999 -9999 -9999 -9999 -9999 -9999 -9999 -9999 -9999 -9999 -9999 -9999 -9999 -9999
426.7839 377.0897 337.0682 413.6939 430.7736 375.5019 391.5098 409.091 359.8987 368.5762 392.1508 371.9465 440.6894 442.366 423.5693 406.3644 405.2459 367.6018 394.9882 420.9836 383.3589 367.5954 352.2338 347.926 343.1772 349.4911 347.1246 353.7122 363.2454 366.6833 443.752 421.6869 438.4395 458.4054 439.3006 494.4399 561.3636 636.1462 622.5583 625.5269 664.9888 576.47 578.9626 681.1913 708.7162 682.5015 722.6494 718.1973 740.561 557.9905 541.67 552.371 468.8074 375.6686 449.2593 455.127 -9999 -9999 -9999 -9999 -9999 -9999 -9999 -9999 -9999 -9999 -9999 -9999 -9999 -9999 -9999
389.6535 340.9241 361.7336 374.2133 452.4879 414.874 364.188 368.8623 363.218 378.2412 409.2666 404.3089 411.5367 387.2113 377.1919 385.6278 402.9016 374.1918 385.0743 406.2708 375.1407 359.2422 353.1698 361.3423 339.5914 342.4539 351.6075 358.0705 361.8462 382.9788 411.8327 421.1742 439.9981 456.1686 488.2563 520.2745 525.3333 642.9241 602.0756 579.0439 588.8282 505.9592 594.9423 673.8846 682.813 708.8866 706.787 713.9023 703.5076 666.9217 715.1796 619.3987 528.4647 454.7868 408.4254 480.4384 489.1295 -9999 -9999 -9999 -9999 -9999 -9999 -9999 -9999 -9999 -9999 -9999 -9999 -9999 -9999
392.4982 371.6352 363.8284 418.3764 410.6556 427.872 362.7491 424.3777 397.0857 384.8867 450.826 442.9658 445.651 416.7296 388.5929 368.2493 375.913 379.9266 361.2255 402.0868 368.6104 358.0865 360.3647 354.4294 337.7044 343.568 349.9521 354.1555 363.3342 362.2115 387.8745 477.5625 451.9605 442.3654 437.1783 444.1971 566.3958 579.7106 634.0553 541.0573 497.5522 617.1939 705.4084 713.017 621.9235 715.6719 697.3405 655.6202 730.5868 663.1342 704.1066 621.6405 528.8144 488.8687 401.2712 493.9658 513.1555 464.3687 -9999 -9999 -9999 -9999 -9999 -9999 -9999 -9999 -9999 -9999 -9999 -9999 -9999
361.9327 332.7438 344.2426 371.3701 397.9453 405.9127 390.2168 394.6545 397.7092 365.5457 394.3953 419.8574 426.0274 426.6987 422.0202 385.7037 362.1299 376.5746 357.6284 373.1426 371.5056 381.3295 347.6542 343.2828 336.5686 340.3791 347.4923 350.3744 350.6203 356.0153 369.9428 409.2661 456.3478 437.2247 419.5596 506.2072 547.8331 495.4429 573.1428 512.858 503.531 593.7493 665.2429 598.2234 664.2666 692.6707 638.9865 638.2908 703.989 657.0038 707.7139 650.6652 553.9927 440.6056 421.1326 431.5001 478.2282 522.3646 -9999 -9999 -9999 -9999 -9999 -9999 -9999 -9999 -9999 -9999 -9999 -9999 -9999
347.2993 332.9857 323.9219 331.6992 344.8183 350.7845 402.7411 392.6043 399.0511 366.4781 375.095 439.7854 423.486 418.9479 421.2466 383.6067 376.8868 353.8195 362.2903 358.392 359.1382 348.2741 361.7751 345.1601 334.625 338.0591 339.235 348.6265 348.1371 354.1045 354.5445 387.3448 438.4185 452.4979 490.2789 493.4324 471.3341 500.1376 504.6276 456.485 616.8287 531.5787 547.3289 681.4366 650.8103 610.3609 643.6229 740.2379 722.4403 636.4808 713.0829 711.6293 590.5616 626.5082 479.8376 495.9482 485.9245 520.8633 582.1334 -9999 -9999 -9999 -9999 -9999 -9999 -9999 -9999 -9999 -9999 -9999 -9999
332.5849 332.2573 317.0664 329.3889 348.8537 332.8496 334.7597 351.4895 355.8516 347.5023 364.1648 385.7644 433.5914 397.2026 448.0683 435.0314 405.9736 353.6669 374.3235 353.6988 344.7689 341.5251 338.5885 336.1757 335.5401 334.4031 341.5607 339.3401 342.3663 344.5439 377.8946 389.9516 378.6937 410.1093 479.5496 467.7893 453.3831 480.178 443.7953 559.0087 505.9732 583.4878 632.3707 644.6197 577.6185 561.4791 693.6104 730.9533 704.0098 623.7114 721.1666 762.7422 750.5422 638.3062 466.9453 587.0078 490.3039 520.3362 579.2068 613.2705 -9999 -9999 -9999 -9999 -9999 -9999 -9999 -9999 -9999 -9999 -9999
325.6059 325.8488 320.0913 365.3242 376.9522 333.0941 329.8629 338.1673 357.9942 385.3784 409.3622 434.9156 442.5016 427.5457 393.9899 409.2716 377.9581 373.4057 346.733 348.0889 361.5234 355.678 356.019 335.63 335.0553 332.4656 335.9113 335.8543 338.0997 375.299 364.2683 385.4232 390.6001 383.8372 442.6055 403.1843 465.034 440.5088 480.0218 510.6511 503.2567 512.0058 568.209 577.9572 586.9532 590.55 657.0213 651.0806 662.1035 609.2834 670.3171 704.8148 765.6352 587.4029 481.1017 614.3965 492.2453 550.9144 544.9757 611.9089 -9999 -9999 -9999 -9999 -9999 -9999 -9999 -9999 -9999 -9999 -9999
319.5367 315.1828 325.5025 347.928 346.8132 335.0159 337.3643 377.2588 379.4296 400.5779 428.1617 426.7838 469.8766 417.2286 415.2981 388.4455 431.4702 370.8161 349.9628 343.1898 361.299 349.3699 357.7579 335.0056 331.7852 340.6864 334.839 336.9314 339.9962 375.5634 378.1387 374.8957 383.5576 371.8689 388.7299 438.5385 410.2021 406.032 496.5154 472.3794 503.4778 552.5849 547.5812 553.2906 503.6599 638.3407 609.4571 616.7272 628.266 600.8604 645.2551 645.9359 731.6891 693.1516 552.5603 591.1132 549.6376 535.654 542.1488 575.4302 612.459 -9999 -9999 -9999 -9999 -9999 -9999 -9999 -9999 -9999 -9999
311.7009 312.7909 323.6419 329.963 342.7368 326.8479 343.818 410.7373 446.7994 397.1537 416.0337 447.4202 413.3153 451.8986 410.4031 381.3262 428.7186 400.5912 399.3015 347.795 337.9175 344.5876 365.2808 334.4089 330.7996 356.9442 348.9016 339.3996 359.1703 369.0684 359.6382 367.0617 373.1528 387.173 379.4401 387.9905 400.5763 500.5834 440.9831 455.2127 547.2385 515.2736 543.2424 470.0417 570.4092 594.4216 614.1403 574.1969 582.9432 545.6974 560.1737 584.9343 656.4305 672.4417 555.412 521.7113 549.3236 488.3232 516.8774 513.3665 550.0176 -9999 -9999 -9999 -9999 -9999 -9999 -9999 -9999 -9999 -9999
312.392 312.9665 318.9101 320.716 337.0804 323.8263 342.3587 360.8404 380.3564 416.0228 443.3929 469.6239 443.445 404.7476 434.5798 390.4407 389.6146 428.1714 394.5879 405.9895 349.358 332.0022 342.3468 329.433 327.7805 373.6299 367.4191 349.3661 356.8084 359.1356 373.9691 389.7817 370.6917 367.5715 373.8577 390.5851 429.3191 468.5756 420.4543 519.8715 478.9063 523.0583 461.7201 489.609 559.0999 620.2347 618.9302 502.6507 566.3065 606.7028 652.1137 696.0268 661.2817 734.5794 672.1224 604.9377 504.89 600.0187 560.3006 574.6162 544.3683 565.4619 -9999 -9999 -9999 -9999 -9999 -9999 -9999 -9999 -9999
