data/map/CA_DEM/n36-37w121-122_Resmp_clip-Mod_ASCII/n36-37w121-122_resmp_clip-mod-west_ascii.txt
ncols         199
nrows         232
xllcorner     1775234.5889377
yllcorner     546071.64830039
cellsize      300
NODATA_value  -9999
[rows 160 to 191 of 232, columns 71 to 141 of 199]
-9999 -9999 -9999 -9999 -9999 -9999 -9999 -9999 -9999 -9999 -9999 -9999 -9999 -9999 -9999 495.1077 550.3538 460.6832 474.2744 463.9632 406.0074 381.4189 335.3369 323.5085 309.6748 335.1861 336.8891 333.327 303.1583 342.9831 307.6892 275.6344 264.7331 264.8007 265.9174 271.4954 282.4639 284.0664 281.0728 290.4757 318.8239 291.3597 317.2915 317.0514 290.7949 289.6953 292.1245 290.7366 274.6001 287.0457 281.2205 275.8066 278.704 281.3695 284.3816 282.3671 287.0298 282.4067 287.8218 286.1727 286.1493 300.486 303.3813 316.284 323.8385 335.7678 330.2517 358.3327 362.3025 402.8043 435.0609
-9999 -9999 -9999 -9999 -9999 -9999 -9999 -9999 -9999 -9999 -9999 -9999 -9999 -9999 -9999 -9999 495.5924 514.5126 454.9304 417.2752 391.1107 383.6277 369.7982 327.4918 346.4079 362.6596 338.4514 354.0346 349.7347 336.8931 353.495 310.14 273.6263 265.477 263.3906 269.3062 273.7654 289.7178 294.2832 295.3643 301.1181 290.2188 289.9285 325.389 329.3042 342.3545 304.0238 295.5243 287.1289 285.7269 276.4767 273.9226 281.067 280.9969 284.3054 277.7405 287.0581 283.7408 283.5815 281.7321 286.0283 292.6466 295.1824 307.6524 316.8409 323.4593 323.9475 327.4629 355.1387 414.9052 388.7523
-9999 -9999 -9999 -9999 -9999 -9999 -9999 -9999 -9999 -9999 -9999 -9999 -9999 -9999 -9999 -9999 478.3708 446.4933 416.044 396.5772 425.8146 409.3924 379.7402 335.757 372.7167 366.6834 355.4628 326.3965 340.1511 339.659 291.5291 273.366 274.466 268.6592 263.7924 263.018 269.6944 286.2022 291.7773 297.6843 287.1917 322.9798 334.3856 322.8552 344.4016 350.3212 371.795 337.9607 326.8562 321.8764 304.0748 269.601 290.0023 288.0625 281.1317 281.4943 287.3979 286.8128 302.4527 290.5295 286.9752 293.3248 291.2178 301.9318 307.4529 311.0329 316.5826 311.1106 340.246 350.8694 369.0781
-9999 -9999 -9999 -9999 -9999 -9999 -9999 -9999 -9999 -9999 -9999 -9999 -9999 -9999 -9999 -9999 -9999 489.4119 498.0905 413.9997 423.1539 395.1653 366.45 355.5408 385.899 344.9215 321.3712 311.7216 298.1824 307.9383 320.763 354.8319 329.7916 301.4647 264.3532 263.0275 263.0181 265.9545 284.4176 289.834 273.6107 296.2963 314.8688 324.7644 321.4236 323.6952 344.1144 356.0726 344.7274 344.9193 283.9063 295.4336 294.034 297.4029 282.5146 276.7434 287.0706 277.3792 288.6731 280.3081 279.2611 281.6458 286.9663 295.5805 299.7004 303.4828 305.312 313.09 317.1692 381.1137 348.3826
-9999 -9999 -9999 -9999 -9999 -9999 -9999 -9999 -9999 -9999 -9999 -9999 -9999 -9999 -9999 -9999 -9999 -9999 -9999 437.5493 402.374 414.1422 367.912 377.3531 388.8398 387.3587 351.2029 328.1025 351.2484 356.881 302.9033 367.0905 381.5773 355.1707 282.0247 266.1451 263.0693 262.3474 276.6449 281.6253 283.8718 306.0829 319.1724 330.5386 312.0367 306.3717 306.9769 338.1438 331.5777 286.5708 289.3417 355.4543 345.8219 295.9817 288.9625 284.7929 286.6408 289.9498 270.3105 275.735 278.9066 293.5532 294.1462 287.2049 291.5836 296.8087 298.75 305.9495 309.3855 312.7689 377.8269
-9999 -9999 -9999 -9999 -9999 -9999 -9999 -9999 -9999 -9999 -9999 -9999 -9999 -9999 -9999 -9999 -9999 -9999 -9999 -9999 413.0206 396.3345 384.144 385.133 394.2281 403.7868 391.6191 351.8755 358.9228 379.4065 372.8957 386.0266 315.9283 330.12 340.5716 324.2075 267.0015 262.5714 266.5303 263.1065 283.0555 305.9296 312.9267 298.657 323.312 317.4299 298.8338 318.67 299.4312 296.7109 284.1876 330.309 345.7617 340.4296 288.1442 280.2217 277.088 294.6264 286.3477 269.0041 275.5674 287.4844 287.4527 278.6598 283.5612 289.0228 286.6953 296.2815 300.8239 299.7095 300.4911
-9999 -9999 -9999 -9999 -9999 -9999 -9999 -9999 -9999 -9999 -9999 -9999 -9999 -9999 -9999 -9999 -9999 -9999 -9999 -9999 -9999 -9999 407.7334 405.2095 448.6779 444.172 427.5018 426.877 397.9064 390.9351 374.7337 341.1247 352.4415 365.848 347.9334 305.0343 299.7624 259.1818 261.2163 263.0991 263.1429 296.6431 281.6009 312.0374 313.5236 303.0011 308.529 284.189 323.76 299.8556 295.3553 306.3917 306.1504 346.3808 296.184 279.7274 270.1696 290.3676 300.7694 257.2799 274.4571 281.0631 279.3991 276.9807 275.3009 287.9638 287.2653 288.3894 288.6376 289.4656 289.8543
-9999 -9999 -9999 -9999 -9999 -9999 -9999 -9999 -9999 -9999 -9999 -9999 -9999 -9999 -9999 -9999 -9999 -9999 -9999 -9999 -9999 -9999 -9999 401.597 467.9969 480.8233 484.6135 453.8119 469.0176 391.7819 428.2833 384.6634 351.7762 342.7461 318.3224 273.5686 266.2633 262.5005 257.1761 256.9865 258.4923 257.3158 261.9707 268.4996 286.4294 318.1003 309.9095 282.6922 274.3073 307.0911 272.4346 295.6753 280.05 295.6828 281.7202 308.3238 269.8914 281.5396 282.2435 252.0365 270.4333 288.4367 280.3938 269.7139 281.6971 281.2971 286.3166 280.5677 281.7943 282.4279 286.974
-9999 -9999 -9999 -9999 -9999 -9999 -9999 -9999 -9999 -9999 -9999 -9999 -9999 -9999 -9999 -9999 -9999 -9999 -9999 -9999 -9999 -9999 -9999 -9999 420.9764 507.2065 535.7663 516.1298 453.8452 408.3996 383.6353 356.0811 326.9987 356.5746 307.3453 351.2999 389.9094 287.4043 260.109 256.6329 256.0726 255.306 256.8837 259.8813 263.7288 317.9525 279.7846 278.4725 267.0164 262.1229 249.8156 259.2286 275.6521 278.4003 269.4156 296.3162 286.6262 280.9429 284.3592 263.2766 266.1245 274.3475 281.5013 264.4792 287.42 275.8737 277.2773 275.6499 277.4554 274.781 281.1732
-9999 -9999 -9999 -9999 -9999 -9999 -9999 -9999 -9999 -9999 -9999 -9999 -9999 -9999 -9999 -9999 -9999 -9999 -9999 -9999 -9999 -9999 -9999 -9999 -9999 -9999 536.6533 482.8174 488.5546 408.5711 423.7643 408.6487 335.956 332.0111 424.1165 305.5253 385.2879 338.2112 280.5875 280.9378 267.889 261.7289 254.7914 253.9846 255.1275 286.6456 321.8409 294.956 257.1071 247.6 246.0379 245.3502 255.1901 263.047 266.4583 248.7372 288.8755 276.3484 286.8101 281.4305 249.7504 260.3891 263.071 256.2012 274.9643 272.9281 274.9499 273.0888 273.257 270.5776 276.5157
-9999 -9999 -9999 -9999 -9999 -9999 -9999 -9999 -9999 -9999 -9999 -9999 -9999 -9999 -9999 -9999 -9999 -9999 -9999 -9999 -9999 -9999 -9999 -9999 -9999 -9999 -9999 513.8049 435.1947 409.7041 411.6422 414.4469 390.2458 336.7874 357.3354 338.1577 358.3768 332.915 363.5983 303.1642 294.4829 283.0251 275.2284 275.6283 253.8951 250.4339 258.1149 256.7224 253.4218 246.8059 255.1837 245.0012 245.2678 244.2653 244.3732 256.524 280.1463 262.9907 277.5122 247.5415 240.4311 258.5964 268.6975 265.6979 276.9436 278.7361 264.2889 275.6956 262.3886 275.2694 281.2109
-9999 -9999 -9999 -9999 -9999 -9999 -9999 -9999 -9999 -9999 -9999 -9999 -9999 -9999 -9999 -9999 -9999 -9999 -9999 -9999 -9999 -9999 -9999 -9999 -9999 -9999 -9999 -9999 489.5649 423.7326 397.2547 368.6451 361.0361 345.7388 368.8211 376.6561 365.9899 388.1651 377.4078 343.0475 329.8988 325.2264 291.1913 289.6977 289.3387 254.4028 249.473 251.1128 250.9769 302.46 292.7048 249.2405 244.4296 243.4279 240.937 239.412 247.7489 242.5353 238.3772 238.3772 238.3772 238.3772 242.4066 244.7769 264.2727 262.8817 273.4643 265.4214 254.6326 268.7329 277.7132
-9999 -9999 -9999 -9999 -9999 -9999 -9999 -9999 -9999 -9999 -9999 -9999 -9999 -9999 -9999 -9999 -9999 -9999 -9999 -9999 -9999 -9999 -9999 -9999 -9999 -9999 -9999 -9999 -9999 -9999 405.7631 388.1265 386.6282 362.843 374.2844 433.3881 342.5663 399.2805 417.8475 363.1431 318.377 339.478 324.3005 321.9434 313.2598 341.8627 298.0537 249.8488 274.65 279.9317 305.7261 282.2378 255.5154 252.8041 242.8022 238.9472 239.9496 238.3772 238.3772 238.3772 238.3772 238.3772 238.3772 238.3772 238.4349 257.2221 262.2515 256.5061 259.1722 270.2915 271.6212
-9999 -9999 -9999 -9999 -9999 -9999 -9999 -9999 -9999 -9999 -9999 -9999 -9999 -9999 -9999 -9999 -9999 -9999 -9999 -9999 -9999 -9999 -9999 -9999 -9999 -9999 -9999 -9999 -9999 -9999 -9999 400.7942 440.7334 383.1448 400.9443 422.7458 420.0251 425.5617 423.9633 388.807 353.7026 311.1554 309.5851 294.4093 280.7763 270.0754 323.4066 324.0863 315.1466 335.7097 329.4996 333.2393 300.3682 266.7376 249.0385 240.0492 238.3706 238.3786 245.6953 242.1906 238.3772 238.3772 238.3772 238.3772 238.3772 238.3772 260.6809 255.7236 244.7199 257.2417 266.7618
-9999 -9999 -9999 -9999 -9999 -9999 -9999 -9999 -9999 -9999 -9999 -9999 -9999 -9999 -9999 -9999 -9999 -9999 -9999 -9999 -9999 -9999 -9999 -9999 -9999 -9999 -9999 -9999 -9999 -9999 -9999 -9999 439.379 425.9308 455.7737 418.9781 407.1785 384.9358 362.8265 385.0049 324.3643 308.9571 320.6614 319.1895 321.3615 312.2575 321.2498 371.5376 329.0165 325.7041 335.9481 339.8577 291.0211 285.2311 299.7415 262.0343 240.4823 243.9216 256.7921 256.4082 238.3772 238.3772 238.3772 238.3772 238.3772 238.3772 238.3772 244.2079 265.8802 267.2675 270.1286
-9999 -9999 -9999 -9999 -9999 -9999 -9999 -9999 -9999 -9999 -9999 -9999 -9999 -9999 -9999 -9999 -9999 -9999 -9999 -9999 -9999 -9999 -9999 -9999 -9999 -9999 -9999 -9999 -9999 -9999 -9999 -9999 -9999 -9999 463.4249 464.9954 414.2281 436.5428 407.0231 376.586 400.7552 405.8099 322.2877 379.4514 355.1126 358.4048 330.7439 356.5484 381.0073 377.3796 376.0045 329.2553 302.0776 303.9304 268.6671 260.0926 247.1539 276.0116 263.4549 257.1907 270.6603 238.3772 238.3772 238.3772 238.3772 238.3772 238.3772 238.3772 238.3772 253.4576 262.4504
-9999 -9999 -9999 -9999 -9999 -9999 -9999 -9999 -9999 -9999 -9999 -9999 -9999 -9999 -9999 -9999 -9999 -9999 -9999 -9999 -9999 -9999 -9999 -9999 -9999 -9999 -9999 -9999 -9999 -9999 -9999 -9999 -9999 -9999 -9999 456.2293 495.0359 435.5647 419.7418 427.3033 438.188 355.9851 412.697 356.5651 380.7778 379.9996 374.5103 333.0479 335.6374 336.4084 338.5558 327.3549 306.868 286.2396 263.5184 251.5599 252.1004 311.6814 272.469 275.3199 271.7884 271.7737 258.8901 252.3356 238.3772 238.3772 238.3772 237.08 238.3772 238.3772 238.3772
-9999 -9999 -9999 -9999 -9999 -9999 -9999 -9999 -9999 -9999 -9999 -9999 -9999 -9999 -9999 -9999 -9999 -9999 -9999 -9999 -9999 -9999 -9999 -9999 -9999 -9999 -9999 -9999 -9999 -9999 -9999 -9999 -9999 -9999 -9999 -9999 462.7296 495.1666 449.2538 444.0995 478.963 414.1719 371.5692 385.386 340.0143 324.5896 333.9657 326.1186 308.3675 316.1698 323.3411 330.6418 317.6985 292.4946 268.8839 300.668 255.2469 289.4854 300.6688 320.5212 290.4003 294.7899 254.2196 260.772 244.2122 239.6852 231.5112 229.3519 238.3772 228.5856 227.1181
-9999 -9999 -9999 -9999 -9999 -9999 -9999 -9999 -9999 -9999 -9999 -9999 -9999 -9999 -9999 -9999 -9999 -9999 -9999 -9999 -9999 -9999 -9999 -9999 -9999 -9999 -9999 -9999 -9999 -9999 -9999 -9999 -9999 -9999 -9999 -9999 -9999 471.3571 483.6298 502.3688 475.7569 458.7595 473.4809 411.6863 354.4354 338.8131 308.4053 329.5268 299.5796 303.2763 295.4095 298.4095 282.6312 272.5486 271.3228 319.3317 269.2188 271.8107 315.6299 311.8046 348.573 296.4417 282.8759 289.7108 266.86 245.6609 241.5024 236.383 234.6752 233.3428 231.4398
-9999 -9999 -9999 -9999 -9999 -9999 -9999 -9999 -9999 -9999 -9999 -9999 -9999 -9999 -9999 -9999 -9999 -9999 -9999 -9999 -9999 -9999 -9999 -9999 -9999 -9999 -9999 -9999 -9999 -9999 -9999 -9999 -9999 -9999 -9999 -9999 -9999 -9999 502.196 524.9388 482.2814 445.1281 393.5396 413.2538 422.4293 341.4398 334.6496 376.521 308.3986 361.1954 340.8765 280.3932 333.092 286.7808 282.6915 322.8504 319.7174 268.0187 306.5844 331.0184 353.8698 321.4274 291.0806 282.9053 283.0339 282.1245 261.8979 245.79 238.3963 238.1793 237.8548
-9999 -9999 -9999 -9999 -9999 -9999 -9999 -9999 -9999 -9999 -9999 -9999 -9999 -9999 -9999 -9999 -9999 -9999 -9999 -9999 -9999 -9999 -9999 -9999 -9999 -9999 -9999 -9999 -9999 -9999 -9999 -9999 -9999 -9999 -9999 -9999 -9999 -9999 -9999 514.2644 525.4482 497.1003 424.0483 387.5282 350.1422 364.7318 388.6387 370.5284 367.39 413.1279 329.0232 341.7649 374.7134 304.3847 333.6086 358.2823 361.9226 268.412 295.3165 311.8027 317.8891 334.7208 306.0401 313.8391 308.7028 292.2915 282.3088 289.26 286.1874 249.3881 238.381
-9999 -9999 -9999 -9999 -9999 -9999 -9999 -9999 -9999 -9999 -9999 -9999 -9999 -9999 -9999 -9999 -9999 -9999 -9999 -9999 -9999 -9999 -9999 -9999 -9999 -9999 -9999 -9999 -9999 -9999 -9999 -9999 -9999 -9999 -9999 -9999 -9999 -9999 -9999 -9999 569.0583 451.6567 488.6751 425.7583 445.7813 360.4745 360.0524 349.3495 384.819 395.6887 356.7486 348.5721 387.0196 412.1183 309.9312 334.8289 378.9641 278.1866 343.3502 332.5609 326.5193 335.643 324.1812 311.6988 324.9973 297.156 285.1935 267.1137 275.6174 256.8845 238.9437
-9999 -9999 -9999 -9999 -9999 -9999 -9999 -9999 -9999 -9999 -9999 -9999 -9999 -9999 -9999 -9999 -9999 -9999 -9999 -9999 -9999 -9999 -9999 -9999 -9999 -9999 -9999 -9999 -9999 -9999 -9999 -9999 -9999 -9999 -9999 -9999 -9999 -9999 -9999 -9999 -9999 543.9084 596.886 501.2405 492.4509 448.023 391.7871 408.0594 405.12 399.86 399.3893 360.93 361.7656 340.8961 360.7159 357.5129 361.2037 275.7469 368.7368 346.7723 334.7908 341.5485 307.7049 300.9016 313.3629 296.3253 264.1727 252.9827 252.6743 238.381 245.3976
-9999 -9999 -9999 -9999 -9999 -9999 -9999 -9999 -9999 -9999 -9999 -9999 -9999 -9999 -9999 -9999 -9999 -9999 -9999 -9999 -9999 -9999 -9999 -9999 -9999 -9999 -9999 -9999 -9999 -9999 -9999 -9999 -9999 -9999 -9999 -9999 -9999 -9999 -9999 -9999 -9999 -9999 517.0208 540.0502 515.1128 520.7715 429.5278 423.6471 394.6445 376.1798 356.779 376.3416 406.6415 343.2009 320.9838 333.8174 373.0073 282.6577 356.9938 387.0467 324.2662 354.6008 344.3327 324.6165 279.0345 264.3506 251.8757 244.7743 249.9139 254.7651 293.1662
-9999 -9999 -9999 -9999 -9999 -9999 -9999 -9999 -9999 -9999 -9999 -9999 -9999 -9999 -9999 -9999 -9999 -9999 -9999 -9999 -9999 -9999 -9999 -9999 -9999 -9999 -9999 -9999 -9999 -9999 -9999 -9999 -9999 -9999 -9999 -9999 -9999 -9999 -9999 -9999 -9999 -9999 -9999 552.9721 555.8339 557.6024 536.387 456.6477 397.2205 385.8684 344.0346 347.1086 346.6828 377.5215 345.8656 315.8049 312.2469 304.5394 359.8109 351.7221 404.7925 372.9786 356.2491 301.206 294.9064 254.8811 314.7643 339.7267 259.2266 268.762 310.7299
-9999 -9999 -9999 -9999 -9999 -9999 -9999 -9999 -9999 -9999 -9999 -9999 -9999 -9999 -9999 -9999 -9999 -9999 -9999 -9999 -9999 -9999 -9999 -9999 -9999 -9999 -9999 -9999 -9999 -9999 -9999 -9999 -9999 -9999 -9999 -9999 -9999 -9999 -9999 -9999 -9999 -9999 -9999 -9999 494.8329 545.604 575.2858 518.953 458.2642 410.5241 455.0565 376.048 332.4872 340.6482 368.9331 311.0586 292.8878 369.4958 304.324 343.429 377.1375 390.7092 353.7551 333.3246 286.079 281.3018 298.5118 293.6499 297.7662 277.3481 316.5815
-9999 -9999 -9999 -9999 -9999 -9999 -9999 -9999 -9999 -9999 -9999 -9999 -9999 -9999 -9999 -9999 -9999 -9999 -9999 -9999 -9999 -9999 -9999 -9999 -9999 -9999 -9999 -9999 -9999 -9999 -9999 -9999 -9999 -9999 -9999 -9999 -9999 -9999 -9999 -9999 -9999 -9999 -9999 -9999 -9999 -9999 539.4957 555.9443 551.0576 439.0504 395.541 401.5981 419.1238 375.5804 309.9901 303.2273 402.2036 415.497 378.4486 323.2087 360.9754 324.1774 329.8031 286.627 308.2724 294.5686 304.4118 340.5831 266.0068 257.9261 326.9405
-9999 -9999 -9999 -9999 -9999 -9999 -9999 -9999 -9999 -9999 -9999 -9999 -9999 -9999 -9999 -9999 -9999 -9999 -9999 -9999 -9999 -9999 -9999 -9999 -9999 -9999 -9999 -9999 -9999 -9999 -9999 -9999 -9999 -9999 -9999 -9999 -9999 -9999 -9999 -9999 -9999 -9999 -9999 -9999 -9999 -9999 -9999 -9999 543.4088 506.474 491.1112 476.3833 420.9011 426.1859 379.4887 367.2149 337.3677 383.205 359.6434 341.231 361.6972 349.2957 314.7488 326.2489 288.7772 283.1535 335.0255 286.267 304.5957 298.1021 270.7754
-9999 -9999 -9999 -9999 -9999 -9999 -9999 -9999 -9999 -9999 -9999 -9999 -9999 -9999 -9999 -9999 -9999 -9999 -9999 -9999 -9999 -9999 -9999 -9999 -9999 -9999 -9999 -9999 -9999 -9999 -9999 -9999 -9999 -9999 -9999 -9999 -9999 -9999 -9999 -9999 -9999 -9999 -9999 -9999 -9999 -9999 -9999 -9999 -9999 511.0293 492.4267 543.4991 482.004 495.6866 439.3226 418.5638 399.2657 364.4617 393.827 375.2593 372.3446 375.6463 357.5431 327.8206 324.38 281.2583 349.222 301.845 300.9407 355.9971 340.5597
-9999 -9999 -9999 -9999 -9999 -9999 -9999 -9999 -9999 -9999 -9999 -9999 -9999 -9999 -9999 -9999 -9999 -9999 -9999 -9999 -9999 -9999 -9999 -9999 -9999 -9999 -9999 -9999 -9999 -9999 -9999 -9999 -9999 -9999 -9999 -9999 -9999 -9999 -9999 -9999 -9999 -9999 -9999 -9999 -9999 -9999 -9999 -9999 -9999 -9999 -9999 -9999 -9999 450.4486 460.6388 437.0244 418.844 417.5201 429.5839 404.8808 394.1697 345.2361 378.1864 347.8063 300.8027 297.3445 329.7407 319.8128 291.1047 326.5693 338.5948
-9999 -9999 -9999 -9999 -9999 -9999 -9999 -9999 -9999 -9999 -9999 -9999 -9999 -9999 -9999 -9999 -9999 -9999 -9999 -9999 -9999 -9999 -9999 -9999 -9999 -9999 -9999 -9999 -9999 -9999 -9999 -9999 -9999 -9999 -9999 -9999 -9999 -9999 -9999 -9999 -9999 -9999 -9999 -9999 -9999 -9999 -9999 -9999 -9999 -9999 -9999 -9999 -9999 -9999 -9999 -9999 -9999 373.3064 452.1484 437.96 432.0126 347.6995 330.6908 352.1129 283.4409 322.8094 328.9971 342.0993 304.8399 351.5849 368.0628
-9999 -9999 -9999 -9999 -9999 -9999 -9999 -9999 -9999 -9999 -9999 -9999 -9999 -9999 -9999 -9999 -9999 -9999 -9999 -9999 -9999 -9999 -9999 -9999 -9999 -9999 -9999 -9999 -9999 -9999 -9999 -9999 -9999 -9999 -9999 -9999 -9999 -9999 -9999 -9999 -9999 -9999 -9999 -9999 -9999 -9999 -9999 -9999 -9999 -9999 -9999 -9999 -9999 -9999 -9999 -9999 -9999 -9999 -9999 -9999 -9999 -9999 -9999 306.3301 278.2682 345.575 348.5565 350.9054 334.2291 340.4355 348.515
