data/map/CA_DEM/n36-37w121-122_Resmp_clip-Mod_ASCII/n36-37w121-122_resmp_clip-mod_ascii.txt
ncols         354
nrows         413
xllcorner     1773134.5889377
yllcorner     514871.64830039
cellsize      300
NODATA_value  -9999
[rows 0 to 30 of 413, columns 0 to 68 of 354]
-9999 -9999 -9999 -9999 -9999 -9999 -9999 -9999 -9999 -9999 -9999 -9999 37.64384 39.6574 45.72316 48.73715 50.76468 55.40415 57.88777 59.55071 -9999 -9999 -9999 -9999 -9999 -9999 -9999 -9999 -9999 -9999 -9999 -9999 -9999 -9999 -9999 -9999 -9999 -9999 -9999 -9999 -9999 -9999 -9999 -9999 -9999 -9999 -9999 -9999 -9999 -9999 -9999 -9999 -9999 -9999 -9999 -9999 -9999 -9999 -9999 -9999 -9999 -9999 -9999 -9999 -9999 -9999 -9999 -9999 -9999
-9999 -9999 -9999 -9999 -9999 -9999 -9999 -9999 -9999 -9999 34.15564 34.61605 36.68774 37.34753 41.95609 44.06673 50.22448 49.38372 54.05978 56.39249 58.02905 59.88903 61.80861 63.27807 64.93921 67.97793 70.72227 -9999 -9999 -9999 -9999 -9999 -9999 -9999 -9999 -9999 -9999 -9999 -9999 -9999 -9999 -9999 -9999 -9999 -9999 -9999 -9999 -9999 -9999 -9999 -9999 -9999 -9999 -9999 -9999 -9999 -9999 -9999 -9999 -9999 -9999 -9999 -9999 -9999 -9999 -9999 -9999 -9999 -9999
-9999 -9999 -9999 -9999 -9999 -9999 -9999 33.0878 33.46048 33.81526 33.67156 33.91506 35.12663 36.47827 37.22277 37.52049 43.40466 46.79464 50.23614 51.77713 52.56557 55.31805 56.24829 57.97396 61.35926 65.27311 69.13316 72.39922 75.79814 77.93465 84.63882 91.24862 100.9413 -9999 -9999 -9999 -9999 -9999 -9999 -9999 -9999 -9999 -9999 -9999 -9999 -9999 -9999 -9999 -9999 -9999 -9999 -9999 -9999 -9999 -9999 -9999 -9999 -9999 -9999 -9999 -9999 -9999 -9999 -9999 -9999 -9999 -9999 -9999 -9999
-9999 -9999 -9999 -9999 -9999 31.28149 32.01495 32.96048 33.14646 33.48976 33.32723 33.81231 34.51238 35.51813 36.33209 36.81601 37.12135 37.41496 44.25655 46.07485 48.45356 49.29653 52.16134 55.33937 59.08673 62.98135 66.88219 70.31465 73.42387 75.32217 79.64701 91.3213 99.05956 111.8596 124.6726 -9999 -9999 -9999 -9999 -9999 -9999 -9999 -9999 -9999 -9999 -9999 -9999 -9999 -9999 -9999 -9999 -9999 -9999 -9999 -9999 -9999 -9999 -9999 -9999 -9999 -9999 -9999 -9999 -9999 -9999 -9999 -9999 -9999 -9999
-9999 -9999 -9999 -9999 31.42757 31.58747 32.21948 32.78373 32.96378 33.23166 32.93591 33.62164 34.21581 35.01593 35.61573 36.21624 36.81479 37.78696 41.9071 43.55356 46.70104 46.87955 49.43334 53.2882 56.51556 60.06715 63.39927 66.97099 69.55722 71.52551 77.1552 87.79857 98.20968 108.204 119.1405 130.7891 142.9812 -9999 -9999 -9999 -9999 -9999 -9999 -9999 -9999 -9999 -9999 -9999 -9999 -9999 -9999 -9999 -9999 -9999 -9999 -9999 -9999 -9999 -9999 -9999 -9999 -9999 -9999 -9999 -9999 -9999 -9999 -9999 -9999
-9999 -9999 -9999 32.15391 31.89369 32.00621 32.47542 33.28582 33.07878 32.20631 32.50288 33.01095 34.19387 34.51544 35.11645 35.71587 36.51625 37.31586 39.02907 40.93943 43.83371 45.1698 47.98087 51.05629 54.17123 57.38905 60.62019 63.74129 64.88106 70.9754 72.9572 83.37923 91.38798 99.10628 110.9802 119.1552 131.6746 143.9271 144.2804 -9999 -9999 -9999 -9999 -9999 -9999 -9999 -9999 -9999 -9999 -9999 -9999 -9999 -9999 -9999 -9999 -9999 -9999 -9999 -9999 -9999 -9999 -9999 -9999 -9999 -9999 -9999 -9999 -9999 -9999
-9999 -9999 28.3239 31.46526 31.92339 31.97177 32.27652 33.65073 32.95442 32.61946 32.01559 32.49382 33.8255 34.416 34.55081 35.32162 36.3162 37.02707 38.11712 40.01173 40.54569 43.39894 45.97009 48.79323 52.12621 55.20957 57.97857 61.10487 62.04243 64.90936 70.47802 78.60354 86.11568 96.71731 105.6409 115.4774 122.597 135.2008 141.1653 152.3799 156.9894 -9999 -9999 -9999 -9999 -9999 -9999 -9999 -9999 -9999 -9999 -9999 -9999 -9999 -9999 -9999 -9999 -9999 -9999 -9999 -9999 -9999 -9999 -9999 -9999 -9999 -9999 -9999 -9999
26.2867 27.02664 27.94536 29.64822 30.96653 31.5167 31.39252 32.42424 32.67298 32.0115 31.81601 32.25814 33.29735 33.88534 34.82652 35.11581 35.91568 36.55636 37.14201 38.08585 39.31977 40.45892 43.81528 46.68884 50.0233 53.08137 55.42897 57.79912 59.29808 63.35033 70.35017 77.65538 83.72362 92.05186 100.0984 110.5366 118.3116 125.7393 138.2542 144.3601 148.5407 150.2599 160.575 -9999 -9999 -9999 -9999 -9999 -9999 -9999 -9999 -9999 -9999 -9999 -9999 -9999 -9999 -9999 -9999 -9999 -9999 -9999 -9999 -9999 -9999 -9999 -9999 -9999 -9999
26.23697 26.90064 27.82742 28.95303 29.86735 30.61098 31.01143 31.71729 32.40554 32.41738 31.616 31.7192 32.416 32.416 34.34515 34.91601 35.42268 35.91602 36.40432 37.02679 38.14408 39.58142 41.46032 44.25151 47.58035 50.69888 52.61337 54.64676 57.5636 62.11854 67.80979 74.36324 80.6556 89.15643 97.05551 105.9672 114.2227 124.253 134.6884 129.7609 147.4116 159.1576 170.742 184.5979 -9999 -9999 -9999 -9999 -9999 -9999 -9999 -9999 -9999 -9999 -9999 -9999 -9999 -9999 -9999 -9999 -9999 -9999 -9999 -9999 -9999 -9999 -9999 -9999 -9999
-9999 26.78602 27.41339 28.04792 28.94494 29.64091 30.48126 31.49079 31.9459 31.89073 31.91482 32.35793 32.51321 32.416 32.57391 34.16574 34.92223 35.51223 35.21721 35.66301 37.27242 38.71617 39.71515 42.17597 45.16155 48.06724 50.30301 52.76819 56.20803 60.8943 66.28403 72.98173 80.39751 85.83363 95.15622 99.33425 109.6133 115.2779 124.9242 137.5132 148.8849 157.3746 157.9327 191.8946 198.6286 213.0864 -9999 -9999 -9999 -9999 -9999 -9999 -9999 -9999 -9999 -9999 -9999 -9999 -9999 -9999 -9999 -9999 -9999 -9999 -9999 -9999 -9999 -9999 -9999
-9999 31.75734 27.10765 27.50191 27.93731 28.57978 30.08144 31.13389 31.45866 32.39687 32.61543 32.92061 34.4198 33.26448 32.416 32.416 34.35582 34.71568 34.616 34.616 35.86197 37.83346 37.58934 39.69982 43.04446 45.87582 48.38008 51.12389 54.73876 59.97989 65.66893 71.66827 78.08778 84.90932 91.6992 100.2213 102.9053 112.0478 123.8347 129.9147 120.6983 149.8202 162.766 158.3323 192.9181 212.9974 221.1406 -9999 -9999 -9999 -9999 -9999 -9999 -9999 -9999 -9999 -9999 -9999 -9999 -9999 -9999 -9999 -9999 -9999 -9999 -9999 -9999 -9999 -9999
-9999 -9999 38.65627 30.01207 28.11142 28.1393 28.44002 31.38901 31.62108 32.55836 33.116 33.01456 33.88626 34.02018 34.75782 32.416 32.416 32.43494 35.16464 36.54032 37.6746 37.71601 37.81601 37.99356 40.18772 43.32364 46.53595 49.6073 53.32145 58.57228 64.05656 69.86465 74.67477 82.3632 88.43546 97.45423 102.2966 105.7861 110.3332 117.2788 131.2727 143.7358 150.4443 170.6406 170.4826 206.8462 226.008 228.6922 243.6475 -9999 -9999 -9999 -9999 -9999 -9999 -9999 -9999 -9999 -9999 -9999 -9999 -9999 -9999 -9999 -9999 -9999 -9999 -9999 -9999
-9999 -9999 57.46721 46.7293 31.08552 28.81748 29.19175 29.90939 31.13899 32.10733 33.23231 32.82199 33.31334 34.41584 34.80326 35.25913 34.71334 33.92677 34.99997 36.17081 37.31482 38.01038 38.29601 38.4142 37.54659 41.08116 45.27323 48.84128 52.46783 57.50686 62.87001 68.25488 73.7285 80.46588 86.99244 93.65434 98.38536 97.66938 98.36498 120.9553 109.9392 144.1759 161.5037 170.9271 191.7413 192.0164 210.6569 224.3249 233.6217 244.1614 -9999 -9999 -9999 -9999 -9999 -9999 -9999 -9999 -9999 -9999 -9999 -9999 -9999 -9999 -9999 -9999 -9999 -9999 -9999
-9999 -9999 67.45552 53.16422 31.28723 30.44608 29.84565 30.1254 30.88225 31.37067 31.6148 32.12132 33.40866 34.516 34.89346 35.21601 35.84647 36.10227 34.53939 35.78328 37.43433 37.24392 38.2016 38.91603 39.39251 37.94147 44.2274 47.41898 51.38189 55.45698 60.73469 65.27036 70.76076 76.61253 83.94011 89.39783 94.59045 104.6402 108.184 122.6937 135.0348 152.855 160.3278 147.1743 186.9961 199.477 194.7483 217.3137 225.3224 217.4299 237.5105 -9999 -9999 -9999 -9999 -9999 -9999 -9999 -9999 -9999 -9999 -9999 -9999 -9999 -9999 -9999 -9999 -9999 -9999
-9999 -9999 -9999 73.98799 45.52345 31.23966 30.65957 30.29158 30.83092 30.04988 31.82171 32.61864 33.91651 34.34349 34.816 35.23354 35.9158 35.91602 35.97953 36.5099 37.21601 37.516 37.2836 38.12222 39.39375 40.3323 41.10908 45.06168 49.39779 53.58826 57.63057 61.89127 68.56715 73.15513 80.11279 85.16698 89.55759 92.21104 95.79487 107.7238 115.0189 147.4952 152.3762 159.1277 180.639 194.9979 204.6012 212.2847 207.8332 225.1206 235.6287 230.5825 228.2266 -9999 -9999 -9999 -9999 -9999 -9999 -9999 -9999 -9999 -9999 -9999 -9999 -9999 -9999 -9999 -9999
-9999 -9999 -9999 79.5527 37.63533 35.33094 32.26053 31.64185 30.94719 30.68804 31.51835 32.90191 33.57824 34.0108 34.716 35.21643 35.61568 35.83212 36.21597 36.61549 37.11027 37.21601 37.516 37.61591 39.05932 40.14857 40.81597 43.32341 47.57556 51.29606 54.82132 60.55116 66.28002 71.09886 75.61812 81.76259 85.85841 99.45234 110.4483 122.989 134.9246 147.2246 145.6242 163.5759 176.0648 186.7465 198.0821 204.4375 198.8654 217.6818 216.9286 218.4801 219.9342 252.435 -9999 -9999 -9999 -9999 -9999 -9999 -9999 -9999 -9999 -9999 -9999 -9999 -9999 -9999 -9999
-9999 -9999 -9999 -9999 48.59282 38.41512 34.84016 31.4068 31.3801 31.33925 31.416 31.31271 32.24774 33.52918 34.5177 35.11385 35.47046 35.67104 36.10466 36.8159 37.31602 37.39661 37.59573 38.00077 39.1586 40.11432 40.64513 43.193 46.9535 50.5138 54.35611 59.70913 64.65114 69.31543 73.89995 77.99906 83.51163 94.6363 102.0876 115.848 128.9353 130.6785 137.9133 158.6261 172.011 179.9637 189.4316 193.7518 202.5071 206.9256 208.8868 208.1957 225.0258 263.4449 250.3969 -9999 -9999 -9999 -9999 -9999 -9999 -9999 -9999 -9999 -9999 -9999 -9999 -9999 -9999
-9999 -9999 -9999 -9999 56.55857 38.26377 36.03283 31.38058 31.389 31.11984 31.33849 31.316 31.81459 33.73185 34.21391 34.7244 35.08164 35.21874 35.74287 36.60777 37.23935 37.81604 38.22893 38.63993 39.39497 40.12304 40.20948 42.47785 46.09965 50.41509 54.03589 58.853 63.8736 68.30356 71.41499 75.35667 82.5006 93.30458 99.79812 111.9107 123.5655 135.8145 144.3536 155.3723 164.5572 175.0632 183.3007 184.2497 195.462 197.4994 199.1106 197.8182 210.6504 220.3887 235.3717 239.1633 229.0729 -9999 -9999 -9999 -9999 -9999 -9999 -9999 -9999 -9999 -9999 -9999 -9999
-9999 -9999 -9999 -9999 -9999 62.60189 46.67534 36.33362 31.17433 31.15022 31.416 31.416 31.416 32.30091 33.53619 34.17228 34.51602 34.82656 35.41971 36.35836 37.11589 37.71711 38.2252 38.81602 39.58571 40.30077 40.48625 38.63609 44.85241 49.88486 53.74569 58.36865 62.43483 65.69797 68.69775 72.20953 79.4894 90.80457 102.0194 112.0902 120.6296 129.2186 138.6967 149.3567 159.3898 170.0204 171.4679 181.014 183.9702 177.7968 183.0789 197.6823 208.0118 218.36 215.1952 272.8187 303.879 339.8533 -9999 -9999 -9999 -9999 -9999 -9999 -9999 -9999 -9999 -9999 -9999
-9999 -9999 -9999 -9999 -9999 72.67651 62.55898 43.16598 28.4662 31.17879 31.29198 31.416 31.416 31.87224 32.85528 33.5151 34.01619 34.46071 35.30076 36.1805 36.81569 37.41175 38.01292 38.79788 39.61551 40.42867 40.77485 41.08248 44.82407 49.25893 52.26863 55.53887 58.98716 63.11886 65.85885 70.65565 78.07497 87.08669 97.57243 104.1028 113.8674 124.215 133.0456 143.7479 152.8218 158.5143 164.4198 171.9767 173.1985 173.6005 181.7651 194.2317 182.05 207.4992 226.9372 235.9546 270.0733 290.2277 286.0197 -9999 -9999 -9999 -9999 -9999 -9999 -9999 -9999 -9999 -9999
-9999 -9999 -9999 -9999 -9999 -9999 81.70343 60.85953 40.18403 29.89035 31.41601 31.33869 31.31598 32.01243 32.41601 32.7927 33.53015 34.42056 35.21634 36.01518 36.69845 37.28399 37.96791 38.69809 39.47857 40.11562 40.61563 41.11343 41.45015 46.83578 49.10587 52.6708 56.41262 59.12855 63.39636 69.51223 76.19696 82.79002 90.19383 100.6655 110.1126 118.9324 128.8062 138.2819 146.0347 151.7813 157.8599 162.2066 162.0002 169.8889 174.2161 167.6746 200.2034 201.9814 197.154 209.7551 228.9089 281.7655 280.0209 268.1108 362.4594 -9999 -9999 -9999 -9999 -9999 -9999 -9999 -9999
-9999 -9999 -9999 -9999 -9999 -9999 -9999 78.3665 54.07762 33.02109 31.12142 31.17509 31.47736 31.8502 32.29015 32.71377 33.30993 34.5364 35.23477 35.91351 36.603 37.33276 37.9013 38.61589 39.21418 39.8419 40.41827 41.66375 41.44849 43.6214 46.85567 49.95175 53.29171 56.32693 60.91946 66.55347 73.60392 78.43799 85.54391 96.30984 106.027 115.3559 125.2196 134.4911 138.0318 145.1633 147.9562 151.0558 153.9262 161.0208 161.1086 174.3142 177.1397 167.7884 171.6662 200.8563 230.1425 209.9781 278.7432 305.5797 320.2449 437.8452 -9999 -9999 -9999 -9999 -9999 -9999 -9999
-9999 -9999 -9999 -9999 -9999 -9999 -9999 87.35309 66.37416 48.24689 32.28862 30.72067 31.13601 31.53818 32.14026 32.83487 33.63084 34.36033 35.21392 35.91108 36.53804 37.23497 37.93679 38.53537 39.23663 39.69332 40.13493 40.97813 42.74568 43.15396 44.72463 46.86862 50.13608 53.16718 57.23689 62.87654 66.53306 73.44466 82.97999 93.34339 104.0886 112.49 120.8968 127.1411 130.432 134.236 138.6037 146.8627 145.189 150.9549 159.5408 153.8147 166.4311 170.9628 184.5059 183.3026 195.4306 253.9633 275.6165 283.5902 325.1876 389.4829 365.9649 -9999 -9999 -9999 -9999 -9999 -9999
-9999 -9999 -9999 -9999 -9999 -9999 -9999 -9999 74.23845 61.5654 46.06296 35.35476 30.99041 31.42228 32.02097 32.73641 33.39315 34.17505 35.90158 36.16555 36.74422 37.33582 37.93599 38.53609 39.12833 39.43587 39.93867 40.64896 42.08891 43.12415 43.53513 44.51095 45.95585 46.90512 51.89451 56.50874 63.08437 70.19583 79.48384 88.82347 97.62932 106.0068 112.5465 118.6611 123.1009 126.0769 129.89 136.3883 139.5948 140.8345 145.4174 143.7597 145.7926 157.7123 183.1974 190.5406 207.7515 243.8205 246.8803 272.4063 320.0504 327.8237 399.2572 -9999 -9999 -9999 -9999 -9999 -9999
-9999 -9999 -9999 -9999 -9999 -9999 -9999 -9999 92.71588 77.05486 58.0236 44.86606 38.13618 31.03776 31.436 32.14388 33.14108 34.212 36.2541 37.13431 37.53554 37.96094 38.23601 38.52599 38.5116 39.35786 39.91092 40.63608 41.7156 42.73523 43.45806 43.636 44.68277 46.51029 51.42629 56.89373 62.46283 70.14307 77.79545 84.90997 93.51917 101.333 106.7944 111.0167 114.7063 120.4085 123.4959 126.0348 129.6915 131.9643 136.1787 133.976 142.1233 163.5002 174.6629 158.1429 174.9659 234.0314 303.0141 330.5577 368.2684 322.3404 382.7015 407.7901 -9999 -9999 -9999 -9999 -9999
-9999 -9999 -9999 -9999 -9999 -9999 -9999 -9999 -9999 91.13776 68.69193 55.33017 45.7417 31.02112 31.23608 31.73304 32.43412 33.94409 37.63594 37.83368 37.73601 37.93705 37.87225 37.73727 37.75061 39.49455 39.85083 40.62575 41.53595 42.39873 43.17551 43.9361 43.85301 46.24378 50.87128 56.17153 61.36197 68.03069 75.72332 81.58506 88.97057 95.4412 99.95336 100.9685 106.4492 113.7922 117.3098 120.6232 119.6822 120.9271 126.3476 124.9444 138.8047 151.0132 160.5564 160.0168 156.0587 202.8511 251.441 294.7272 280.8681 441.1599 457.2284 456.5399 584.2703 -9999 -9999 -9999 -9999
-9999 -9999 -9999 -9999 -9999 -9999 -9999 -9999 -9999 -9999 88.30868 71.89114 54.40109 35.42672 32.80073 34.49664 31.485 33.17917 33.22563 34.69323 35.80432 36.59473 34.53724 35.87224 36.91227 37.78109 39.15209 40.43577 41.33478 42.21941 43.01858 43.94337 44.71259 46.00924 48.83598 54.08791 58.84354 65.62605 72.11167 77.55142 84.36103 89.22311 93.18793 96.73439 102.3692 107.5914 110.2384 111.589 111.4633 113.5069 118.5339 119.5754 118.9686 137.78 146.3202 132.7829 149.1857 172.2914 187.2949 215.8089 295.0296 324.2043 406.8437 488.5169 582.2659 665.7917 -9999 -9999 -9999
-9999 -9999 -9999 -9999 -9999 -9999 -9999 -9999 -9999 -9999 101.8596 82.76165 63.2184 36.93086 34.70755 33.31057 33.38046 34.23589 34.33815 33.67752 34.69239 34.33684 34.63601 35.03901 36.43491 37.32293 38.67429 40.1079 41.18377 42.0358 42.86976 43.81788 44.88567 45.84125 47.27548 51.73161 56.59322 62.18964 67.82804 73.8524 79.67303 83.67008 87.60883 92.51745 96.59427 100.5134 103.8101 104.3517 104.7034 107.026 110.9818 114.0949 119.8914 122.0665 125.7423 121.0616 143.5416 198.191 245.7083 319.3345 322.958 356.6886 315.0185 377.4767 514.5798 602.851 599.4684 -9999 -9999
-9999 -9999 -9999 -9999 -9999 -9999 -9999 -9999 -9999 -9999 -9999 93.82076 76.49611 62.75211 34.46601 34.58014 34.436 34.32202 26.16835 32.82899 34.91349 37.36288 34.73601 34.82294 36.17934 37.13275 38.35687 39.82237 41.03637 41.93556 42.7991 43.69397 44.77797 45.85678 46.77871 49.85027 54.05944 58.47067 64.00339 69.52547 74.33216 78.85817 82.78062 87.60723 91.4012 95.07822 95.49498 96.83244 98.20963 100.1143 102.9052 106.8068 107.5156 105.0102 109.3637 121.4378 131.8996 150.2702 221.7913 271.5988 290.3907 271.8094 344.8539 419.8614 472.0879 623.389 542.9007 548.5739 -9999
-9999 -9999 -9999 -9999 -9999 -9999 -9999 -9999 -9999 -9999 -9999 112.127 95.37177 77.18526 54.57412 36.69588 39.55653 35.78697 33.62805 33.08185 35.63893 36.06732 35.92555 35.53526 36.26843 37.036 37.68557 39.17317 40.8362 41.7542 42.74884 43.49783 44.6357 46.23282 46.52225 47.35776 50.97456 55.30508 60.20388 65.1781 69.61919 74.62775 79.13306 81.98505 85.60253 89.47982 89.80984 92.20746 92.28542 94.06852 97.44043 101.9476 102.1348 100.8049 106.111 112.9015 121.8932 150.2943 198.1783 191.8723 227.1164 243.0161 304.0231 341.322 494.8305 592.7258 536.5991 495.6484 477.3617
-9999 -9999 -9999 -9999 -9999 -9999 -9999 -9999 -9999 -9999 -9999 -9999 111.4304 98.46854 82.4529 73.11171 61.53118 46.68514 36.94362 36.7275 36.56353 36.38045 36.70327 36.23408 36.23599 36.83679 37.236 37.91582 40.29363 41.33313 42.23523 43.21778 44.40889 45.84164 46.75666 47.30127 48.89626 51.28223 56.29016 60.44685 64.83858 69.33089 73.12475 76.31921 79.63976 79.80513 84.11481 85.06863 88.4241 90.33609 94.45736 97.46642 96.68433 96.26276 100.4724 106.5143 121.8598 155.7017 162.8482 185.6473 232.7035 307.8639 325.6652 399.5997 461.8758 514.8962 495.6823 517.0419 476.7501
