data/map/CA_DEM/n36-37w121-122_Resmp_clip-Mod_ASCII/n36-37w121-122_resmp_clip-mod-west_ascii.txt
ncols         199
nrows         232
xllcorner     1775234.5889377
yllcorner     546071.64830039
cellsize      300
NODATA_value  -9999
[rows 0 to 31 of 232, columns 0 to 70 of 199]
-9999 -9999 -9999 -9999 -9999 -9999 -9999 -9999 -9999 -9999 -9999 -9999 -9999 -9999 -9999 -9999 -9999 -9999 -9999 -9999 -9999 -9999 -9999 -9999 -9999 -9999 -9999 -9999 -9999 -9999 -9999 -9999 -9999 -9999 -9999 -9999 -9999 -9999 -9999 -9999 -9999 -9999 -9999 -9999 -9999 -9999 -9999 -9999 -9999 -9999 -9999 -9999 -9999 -9999 -9999 -9999 -9999 -9999 -9999 -9999 -9999 -9999 -9999 -9999 -9999 -9999 -9999 -9999 -9999 -9999 -9999
-9999 549.5045 560.9468 569.4671 582.6612 -9999 -9999 -9999 -9999 -9999 -9999 -9999 -9999 -9999 -9999 -9999 -9999 -9999 -9999 -9999 -9999 -9999 -9999 -9999 -9999 -9999 -9999 -9999 -9999 -9999 -9999 -9999 -9999 -9999 -9999 -9999 -9999 -9999 -9999 -9999 366.7231 -9999 -9999 -9999 -9999 -9999 -9999 -9999 -9999 -9999 -9999 -9999 -9999 -9999 -9999 -9999 -9999 -9999 -9999 -9999 -9999 -9999 -9999 -9999 -9999 -9999 -9999 -9999 -9999 -9999 -9999
513.3226 529.9887 536.6172 559.2007 574.8421 583.5988 598.5592 -9999 -9999 -9999 -9999 -9999 -9999 -9999 -9999 -9999 -9999 -9999 -9999 -9999 -9999 -9999 -9999 -9999 -9999 -9999 -9999 -9999 -9999 -9999 -9999 -9999 -9999 -9999 -9999 -9999 -9999 -9999 -9999 386.4797 375.8863 343.0332 -9999 -9999 -9999 -9999 -9999 -9999 -9999 -9999 -9999 -9999 -9999 -9999 -9999 -9999 -9999 -9999 -9999 -9999 -9999 -9999 -9999 -9999 -9999 -9999 -9999 -9999 -9999 -9999 -9999
489.017 515.2758 504.6968 561.4141 561.4482 575.6503 580.0324 597.3975 683.5721 -9999 -9999 -9999 -9999 -9999 -9999 -9999 -9999 -9999 -9999 -9999 -9999 -9999 -9999 -9999 -9999 -9999 -9999 -9999 -9999 -9999 -9999 -9999 -9999 -9999 -9999 -9999 -9999 -9999 -9999 456.4701 373.1315 342.8413 305.6089 -9999 -9999 -9999 -9999 -9999 -9999 -9999 -9999 -9999 -9999 -9999 -9999 -9999 -9999 -9999 -9999 -9999 -9999 -9999 -9999 -9999 -9999 -9999 -9999 -9999 -9999 -9999 -9999
530.648 470.9927 497.7326 508.6119 551.9278 552.9005 569.0908 586.1317 575.567 552.887 600.8332 644.6608 659.9459 -9999 -9999 -9999 -9999 -9999 -9999 -9999 -9999 -9999 -9999 -9999 -9999 -9999 -9999 -9999 -9999 -9999 -9999 -9999 -9999 -9999 -9999 -9999 -9999 -9999 -9999 459.1472 351.7195 319.1577 305.3789 285.0846 -9999 -9999 -9999 -9999 -9999 -9999 -9999 -9999 -9999 -9999 -9999 -9999 -9999 -9999 -9999 -9999 -9999 -9999 -9999 -9999 -9999 -9999 -9999 -9999 -9999 -9999 -9999
520.7751 459.3216 540.9658 501.192 513.0406 549.1404 522.8145 558.9489 568.1569 586.3754 600.6485 628.8812 646.0458 680.3857 653.117 -9999 -9999 -9999 -9999 -9999 -9999 -9999 -9999 -9999 -9999 -9999 -9999 -9999 -9999 -9999 -9999 -9999 -9999 -9999 -9999 -9999 -9999 -9999 -9999 460.854 368.729 309.666 287.0612 271.1898 255.7675 -9999 -9999 -9999 -9999 -9999 -9999 -9999 -9999 -9999 -9999 -9999 -9999 -9999 -9999 -9999 -9999 -9999 -9999 -9999 -9999 -9999 -9999 -9999 -9999 -9999 -9999
541.2392 468.4699 519.4766 460.284 493.4543 506.4502 533.7888 508.2741 555.4876 582.1831 608.4842 608.9548 689.9832 673.6456 645.7877 664.5855 697.4946 -9999 -9999 -9999 -9999 -9999 -9999 -9999 -9999 -9999 -9999 -9999 -9999 -9999 -9999 -9999 -9999 -9999 -9999 -9999 -9999 -9999 -9999 448.1716 362.5467 328.3413 278.3029 252.5364 231.687 219.8993 -9999 -9999 -9999 -9999 -9999 -9999 -9999 -9999 -9999 -9999 -9999 -9999 -9999 -9999 -9999 -9999 -9999 -9999 -9999 -9999 -9999 -9999 -9999 -9999 -9999
500.187 521.3726 443.6684 487.9109 496.659 450.9273 511.4217 483.8858 558.029 590.6252 597.7112 661.4657 658.9579 620.5563 647.2853 712.9293 728.0163 741.0942 -9999 -9999 -9999 -9999 -9999 -9999 -9999 -9999 -9999 -9999 -9999 -9999 -9999 -9999 -9999 -9999 -9999 -9999 -9999 -9999 434.1722 369.2773 341.1753 312.9815 285.1226 306.8728 -9999 -9999 -9999 -9999 -9999 -9999 -9999 -9999 -9999 -9999 -9999 -9999 -9999 -9999 -9999 -9999 -9999 -9999 -9999 -9999 -9999 -9999 -9999 -9999 -9999 -9999 -9999
-9999 485.7968 512.7595 449.997 440.1898 459.9916 495.4806 503.7988 568.4551 591.132 616.4296 659.3123 626.4504 601.6157 644.2961 693.3294 684.1002 693.691 658.7459 623.4749 -9999 -9999 -9999 -9999 -9999 -9999 -9999 -9999 -9999 -9999 -9999 -9999 -9999 -9999 -9999 -9999 -9999 -9999 406.8916 409.031 411.3267 377.5052 311.2902 320.7519 -9999 -9999 -9999 -9999 -9999 -9999 -9999 -9999 -9999 -9999 -9999 -9999 -9999 -9999 -9999 -9999 -9999 -9999 -9999 -9999 -9999 -9999 -9999 -9999 -9999 -9999 -9999
-9999 437.6421 438.7811 451.5681 469.3261 511.8807 575.2127 555.6646 597.9587 589.3674 606.9353 597.9792 596.9951 605.5898 628.555 634.0968 634.3088 669.5421 674.6885 609.6084 643.3993 690.3092 -9999 -9999 -9999 -9999 -9999 -9999 -9999 -9999 -9999 -9999 -9999 -9999 -9999 -9999 -9999 -9999 541.2075 499.7728 520.5135 391.0921 352.6446 393.8384 432.8668 -9999 -9999 -9999 -9999 -9999 -9999 -9999 -9999 -9999 -9999 -9999 -9999 -9999 -9999 -9999 -9999 -9999 -9999 -9999 -9999 -9999 -9999 -9999 -9999 -9999 -9999
-9999 472.2947 481.9119 399.9403 457.0151 512.3152 572.8573 638.463 623.9048 633.1246 568.3498 608.0004 560.5371 573.0036 584.8684 614.7703 634.8943 669.3601 656.304 611.6141 660.6025 683.142 623.6381 589.1111 556.8089 533.4305 580.6556 -9999 -9999 -9999 -9999 -9999 -9999 -9999 -9999 -9999 -9999 -9999 566.4926 604.6951 481.3271 460.3226 472.6411 472.7405 387.4974 -9999 -9999 -9999 -9999 -9999 -9999 -9999 -9999 -9999 -9999 -9999 -9999 -9999 -9999 -9999 -9999 -9999 -9999 -9999 -9999 -9999 -9999 -9999 -9999 -9999 -9999
-9999 536.3904 500.4893 498.6062 389.9852 456.1024 520.7806 555.4764 579.2266 613.1807 552.4979 659.8158 613.7878 539.343 585.6774 610.173 644.2028 669.1403 644.8707 580.3798 667.8087 658.5947 647.7156 608.6597 559.1347 537.5667 488.0654 491.0195 526.5375 561.6805 612.9971 621.4851 701.6033 757.4261 782.2347 704.2799 681.4328 656.8282 662.2939 540.4058 531.9875 582.1131 557.3494 522.8545 434.1093 365.7748 -9999 -9999 -9999 -9999 -9999 -9999 -9999 -9999 -9999 -9999 -9999 -9999 -9999 -9999 -9999 -9999 -9999 -9999 -9999 -9999 -9999 -9999 -9999 -9999 -9999
-9999 593.4136 567.6744 571.6397 470.3969 389.7192 427.1379 508.8049 537.4313 552.3754 537.3035 607.6954 618.4551 610.9293 563.2721 639.3633 697.4274 639.9434 585.2676 563.8591 615.4557 649.5495 652.4805 614.8433 550.9247 512.6041 508.5348 508.5333 543.4685 575.7295 633.2838 670.1465 709.9289 767.0457 803.7248 809.7276 767.715 699.261 666.9319 616.9322 663.5106 575.9346 521.2537 469.4329 432.5551 418.4002 -9999 -9999 -9999 -9999 -9999 -9999 -9999 -9999 -9999 -9999 -9999 -9999 -9999 -9999 -9999 -9999 -9999 -9999 -9999 -9999 -9999 -9999 -9999 -9999 -9999
-9999 665.0497 636.4753 601.7723 591.2463 406.3264 404.8741 417.2882 473.5692 518.9149 503.7692 560.4271 576.2222 543.0486 597.8361 613.589 692.5446 650.4182 606.6503 559.0301 620.7387 686.298 669.9043 653.0474 624.0732 585.1995 538.3188 490.1141 605.1111 707.3093 755.9888 735.2005 750.6126 809.6008 876.8867 853.565 822.3382 770.3691 757.8745 730.7377 638.9917 590.5474 568.5388 546.6291 523.7827 484.776 -9999 -9999 -9999 -9999 -9999 -9999 -9999 -9999 -9999 -9999 -9999 -9999 -9999 -9999 -9999 -9999 -9999 -9999 -9999 -9999 -9999 -9999 -9999 -9999 -9999
-9999 563.6462 525.7491 552.8613 569.0851 509.5985 378.533 395.7346 436.5586 474.6564 466.1855 507.0769 525.7371 511.3561 587.9586 596.8587 649.4604 646.0877 583.0535 565.4246 608.4353 673.7955 669.7544 650.9375 633.4859 587.4255 452.8506 574.6207 623.1287 711.3809 658.6174 758.6099 814.6046 878.3452 877.7119 895.8812 871.0947 867.8234 813.0365 707.2731 692.0708 648.3749 700.6833 698.809 582.7156 537.9562 508.8707 -9999 -9999 -9999 -9999 -9999 -9999 -9999 -9999 -9999 -9999 -9999 -9999 -9999 -9999 -9999 -9999 -9999 -9999 -9999 -9999 -9999 -9999 -9999 -9999
-9999 584.0736 579.8812 561.9503 482.0005 532.7025 415.3047 373.5629 402.5236 396.5 400.2047 464.0254 502.6362 515.3627 555.5952 619.0889 686.1021 648.5325 582.1826 546.108 638.8345 660.7242 660.0794 634.1926 562.4371 524.1508 419.7748 554.3042 559.731 588.0277 657.6436 691.9622 802.9885 822.7578 802.4695 821.4432 889.0569 929.6669 828.1161 749.0042 732.6579 738.7494 713.8344 672.8195 635.6335 525.3112 466.8088 -9999 -9999 -9999 -9999 -9999 -9999 -9999 -9999 -9999 -9999 -9999 -9999 -9999 -9999 -9999 -9999 -9999 -9999 -9999 -9999 -9999 -9999 -9999 -9999
-9999 647.2609 621.8757 613.7016 535.2455 480.1947 486.217 415.9152 384.4787 396.8922 416.8738 452.4553 483.8806 528.2305 552.0629 638.8046 696.8001 652.6293 582.2199 539.3751 600.7194 638.6661 622.1508 618.9351 522.4208 454.7518 479.5091 540.358 554.97 558.6793 657.5838 778.4753 820.6599 754.5376 711.965 752.3492 796.129 809.0691 834.676 791.7586 830.1564 773.4494 721.14 667.3276 621.1119 563.6868 501.8664 459.7757 -9999 -9999 -9999 -9999 -9999 -9999 -9999 -9999 -9999 -9999 -9999 -9999 -9999 -9999 -9999 -9999 -9999 -9999 -9999 -9999 -9999 -9999 -9999
-9999 591.1672 588.4633 622.5057 565.738 505.0709 508.5738 509.5912 350.0512 422.7789 458.1776 507.3502 524.6877 515.1115 516.8549 597.9412 690.5018 676.8655 565.368 514.6334 602.0929 630.3106 570.4538 578.9687 545.3952 519.3076 393.7832 471.4332 577.509 683.044 730.8849 787.2729 765.0269 729.4502 675.126 726.9345 697.9052 771.8918 798.4169 884.8726 864.2355 826.4333 754.8389 704.3782 614.6014 539.4841 489.0049 422.5429 -9999 -9999 -9999 -9999 -9999 -9999 -9999 -9999 -9999 -9999 -9999 -9999 -9999 -9999 -9999 -9999 -9999 -9999 -9999 -9999 -9999 -9999 -9999
-9999 537.7922 530.4691 585.4791 630.1562 545.0531 476.357 470.3231 374.7058 386.4734 434.7642 496.7498 531.6802 548.4235 526.764 579.1998 638.8539 682.3037 563.3395 445.9438 613.2885 605.2098 550.9351 542.1807 488.4211 445.145 428.9913 463.4858 518.8098 585.5959 644.1837 799.3812 641.5939 670.5405 644.3944 721.2468 620.4162 710.676 804.1011 873.2534 938.4307 863.5989 823.0499 771.683 651.2402 595.014 530.0891 460.0531 415.2234 -9999 -9999 -9999 -9999 -9999 -9999 -9999 -9999 -9999 -9999 -9999 -9999 -9999 -9999 -9999 -9999 -9999 -9999 -9999 -9999 -9999 -9999
-9999 506.5327 480.6869 512.9479 550.8061 561.5087 515.98 472.2146 496.5629 335.4747 388.4903 471.6327 497.5334 495.2963 445.4848 535.3948 568.1959 658.4045 534.3405 443.5879 539.8898 610.136 520.1631 443.0948 463.0816 395.7674 448.5351 567.9482 528.3019 632.6393 704.5151 815.8135 657.7341 595.1091 598.6251 622.5345 631.3254 730.0508 825.6575 864.1614 841.0087 865.3908 897.4355 788.7883 730.8494 619.527 535.7493 634.9276 529.4241 -9999 -9999 -9999 -9999 -9999 -9999 -9999 -9999 -9999 -9999 -9999 -9999 -9999 -9999 -9999 -9999 -9999 -9999 -9999 -9999 -9999 -9999
-9999 -9999 443.8171 429.3463 474.3546 499.5767 477.5138 425.5331 506.3404 389.5758 354.0041 399.672 500.0112 554.6362 438.2218 538.0662 510.6104 643.7036 522.2401 374.341 484.7195 628.8165 521.0863 451.4245 451.6998 374.8186 498.6127 651.6708 660.2315 630.4885 691.0153 759.1447 698.2492 577.7819 507.1083 535.0781 588.3408 716.6462 714.9703 805.9552 702.8831 778.2251 904.6517 830.2198 758.631 720.8862 689.3486 616.4861 530.8806 403.3537 -9999 -9999 -9999 -9999 -9999 -9999 -9999 -9999 -9999 -9999 -9999 -9999 -9999 -9999 -9999 -9999 -9999 -9999 -9999 -9999 -9999
-9999 -9999 519.5735 482.4933 427.1119 419.2593 524.491 462.3906 446.636 404.4665 326.3512 362.4907 414.0553 492.0535 463.5139 507.7563 532.3633 522.4173 535.0706 363.036 474.223 522.4069 427.6735 413.7462 379.7925 421.3173 590.6993 618.4252 636.7988 717.598 632.5916 649.0961 664.2382 601.0115 455.9997 548.6492 658.9605 645.4084 669.913 801.6338 613.1647 733.7985 832.7512 848.5598 775.9877 684.4969 668.1733 687.7216 599.4311 537.0216 452.2655 -9999 -9999 -9999 -9999 -9999 -9999 -9999 -9999 -9999 -9999 -9999 -9999 -9999 -9999 -9999 -9999 -9999 -9999 -9999 -9999
-9999 -9999 -9999 574.9742 487.2443 446.8106 448.1757 493.8924 393.2511 516.6272 357.6728 335.5606 401.5378 435.5189 476.6829 462.4216 484.9684 563.4669 519.2697 361.7477 421.1042 401.9353 362.2643 330.2947 412.5085 528.2156 617.1707 510.8324 642.4232 711.9333 633.3866 584.947 551.2716 501.0555 420.7128 568.0174 658.0836 562.4411 536.7212 699.8959 599.0347 627.8876 754.3999 853.3931 792.2427 718.8146 582.373 563.0599 580.8052 537.4957 377.4034 -9999 -9999 -9999 -9999 -9999 -9999 -9999 -9999 -9999 -9999 -9999 -9999 -9999 -9999 -9999 -9999 -9999 -9999 -9999 -9999
-9999 -9999 -9999 498.6996 488.3929 497.3162 411.8714 375.0217 424.4831 458.7245 512.1725 377.705 316.0644 350.6697 489.5688 462.0666 445.3173 509.1117 483.8353 398.1436 308.0123 319.7258 353.1146 443.7532 515.7652 589.2083 578.5013 484.5634 531.0969 674.6021 614.2819 685.9559 610.5243 543.854 445.7351 515.5375 670.8974 626.2739 475.7765 573.2629 564.5341 627.6175 680.1326 798.9922 723.4778 686.5754 567.4702 565.0475 510.8651 495.2805 400.9394 296.1051 -9999 -9999 -9999 -9999 -9999 -9999 -9999 -9999 -9999 -9999 -9999 -9999 -9999 -9999 -9999 -9999 -9999 -9999 -9999
-9999 -9999 -9999 546.4188 533.6146 555.2535 492.9492 414.5083 380.6012 356.3363 490.399 486.1011 350.7727 362.1834 450.5596 416.8788 423.4863 459.5733 427.7305 385.5634 309.1376 336.1269 366.8171 450.8951 469.7441 527.3567 488.1255 456.258 469.8982 519.684 613.8999 684.7485 616.3789 580.1277 489.4088 400.9426 525.4778 641.3203 473.5455 529.6479 586.2946 524.9075 563.397 696.0969 616.1801 676.784 598.0084 520.9619 404.9288 492.4915 376.7497 266.9509 -9999 -9999 -9999 -9999 -9999 -9999 -9999 -9999 -9999 -9999 -9999 -9999 -9999 -9999 -9999 -9999 -9999 -9999 -9999
-9999 -9999 -9999 630.6115 641.4875 603.3718 581.774 474.0766 500.1266 379.5398 431.1358 539.243 473.0964 290.8278 353.6292 353.4695 445.3766 465.9596 389.0515 372.2615 308.6896 343.6949 435.086 428.9091 414.2435 445.2188 494.528 438.8268 417.3015 425.4446 476.449 533.1678 607.8961 547.8121 472.7744 372.8346 411.0941 488.2439 398.8163 564.9194 588.4845 404.4973 537.1232 574.8751 551.7704 542.2171 493.7615 485.7026 429.2471 366.0505 351.304 309.2611 196.0588 -9999 -9999 -9999 -9999 -9999 -9999 -9999 -9999 -9999 -9999 -9999 -9999 -9999 -9999 -9999 -9999 -9999 -9999
-9999 -9999 -9999 743.0973 625.1065 568.8123 618.2922 623.153 541.476 405.0353 366.9968 477.9619 542.2912 397.6545 280.8259 366.3312 370.8406 481.5151 430.3577 344.8137 272.8596 394.6523 423.8005 365.5634 371.2058 379.59 415.9808 466.1441 380.303 366.7065 439.9709 428.7483 480.1587 511.1273 516.5623 412.3297 362.5115 395.3033 471.8672 522.3623 472.3821 375.5821 448.3494 502.307 416.1221 524.9464 437.1374 457.4076 442.2028 333.2032 312.0075 243.7515 155.5187 -9999 -9999 -9999 -9999 -9999 -9999 -9999 -9999 -9999 -9999 -9999 -9999 -9999 -9999 -9999 -9999 -9999 -9999
-9999 -9999 -9999 781.7433 660.8392 576.834 513.1626 519.7129 545.9531 444.7978 338.1411 432.169 483.5811 430.0114 277.6449 309.5303 355.9093 388.447 440.9243 340.1396 308.5626 332.3739 394.0269 378.7478 317.6029 310.194 353.3748 374.6666 403.7355 336.0208 465.7924 383.6265 400.9781 433.4127 383.9782 423.0589 301.8576 323.7015 416.7067 404.9891 380.8111 383.5099 361.2428 424.7205 356.2142 426.1696 331.1282 415.3442 379.5345 305.3234 214.8924 147.1067 115.8722 129.7816 -9999 -9999 -9999 -9999 -9999 -9999 -9999 -9999 -9999 -9999 -9999 -9999 -9999 -9999 -9999 -9999 -9999
-9999 -9999 -9999 683.8967 658.9422 603.2049 505.562 515.2357 453.0428 500.631 335.3727 329.7067 377.1582 388.0696 345.6195 264.1113 279.5302 338.2148 365.9845 341.6935 256.4158 335.657 331.7835 346.8338 311.6861 307.9287 275.3224 310.6872 333.6634 274.5383 297.6045 320.9423 366.5745 372.6086 335.6964 343.4914 309.6316 324.4331 306.7285 331.3193 349.0112 298.9893 285.0909 346.5098 323.175 353.6986 269.1212 321.6239 324.0604 250.0824 154.7947 135.8035 150.2778 179.4031 269.0943 -9999 -9999 -9999 -9999 -9999 -9999 -9999 -9999 -9999 -9999 -9999 -9999 -9999 -9999 -9999 -9999
-9999 -9999 -9999 787.9786 648.9042 575.0972 599.0137 562.9477 452.9829 410.5856 392.7455 316.591 294.5055 276.8164 285.1056 318.7776 263.6108 279.6981 261.4421 316.6102 266.4309 295.5553 378.9637 377.1991 388.2499 341.5818 290.6325 250.5425 298.0937 241.9595 224.5736 215.9677 232.0599 228.7194 237.2254 248.323 236.1707 291.1438 288.9503 288.756 287.2792 279.8792 253.3117 257.7365 257.8138 265.9379 213.2362 211.4297 274.7813 305.3093 146.4607 114.7737 160.3627 167.5368 179.8657 -9999 -9999 -9999 -9999 -9999 -9999 -9999 -9999 -9999 -9999 -9999 -9999 -9999 -9999 -9999 -9999
-9999 -9999 -9999 769.7086 707.5308 665.0841 647.8236 560.4634 541.051 470.0503 436.6826 374.0954 408.7834 414.7826 388.7592 370.2241 400.6457 270.5464 290.6258 257.2478 239.5605 334.0549 367.1292 384.6257 368.0016 365.1751 368.944 288.9163 248.0065 218.3287 172.3888 160.2895 193.6712 191.3886 200.7806 199.7441 208.7408 259.083 259.8535 274.982 271.4106 244.2272 246.9761 223.4975 186.0426 123.5269 129.0181 151.1991 158.4118 191.8563 164.5195 119.9291 144.8869 179.3119 201.07 239.8773 -9999 -9999 -9999 -9999 -9999 -9999 -9999 -9999 -9999 -9999 -9999 -9999 -9999 -9999 -9999
-9999 -9999 -9999 812.5278 717.7048 725.3969 568.408 586.896 465.804 510.6095 549.5507 492.9184 524.917 451.957 432.3781 448.6988 453.9262 416.0275 342.1806 231.9696 275.1751 278.0714 342.0981 337.1985 336.9265 317.5778 296.6133 240.9612 205.0161 160.8689 198.3035 159.364 188.3406 145.2088 142.3166 189.4964 200.9128 201.5764 197.2755 203.9444 216.7133 235.1644 225.1003 152.006 124.0888 120.3866 158.5687 151.9291 117.5939 147.7587 115.8689 141.4144 156.7666 192.8162 235.0062 296.4392 403.7409 -9999 -9999 -9999 -9999 -9999 -9999 -9999 -9999 -9999 -9999 -9999 -9999 -9999 -9999
