data/map/CA_DEM/n36-37w121-122_Resmp_clip-Mod_ASCII/n36-37w121-122_resmp_clip-mod_ascii.txt
ncols         354
nrows         413
xllcorner     1773134.5889377
yllcorner     514871.64830039
cellsize      300
NODATA_value  -9999
[rows 372 to 402 of 413, columns 276 to 344 of 354]
303.1263 304.8817 306.7423 305.4739 310.1338 305.6322 310.6202 318.2944 321.9574 326.8534 324.9018 313.816 313.2852 314.2448 311.5971 315.3129 325.6112 333.3532 343.835 334.1059 343.7585 356.8291 360.0858 360.5584 356.9277 364.7939 381.3487 385.6994 401.0973 426.9728 469.8582 504.1734 493.3142 497.7116 469.8404 469.4553 483.4765 479.0288 483.0304 468.2732 480.129 466.0203 417.1313 438.0744 407.4104 439.5031 403.6931 438.6045 446.6314 434.891 381.6879 369.6803 365.3246 375.01 411.1378 441.9652 485.7045 465.5848 447.8734 459.3518 440.5825 425.2577 421.7657 439.6834 416.3116 427.3869 439.6827 454.6981 463.4955
301.2456 300.434 300.6011 300.5469 302.3408 311.8764 306.6251 314.3358 322.1439 327.4825 321.3555 311.9855 310.1985 322.5229 312.516 317.6455 325.5682 330.293 330.0357 336.5729 336.6905 341.5668 340.2423 344.4223 355.6093 361.2888 364.6891 380.276 387.4145 424.6896 484.0621 469.4371 478.0055 480.2712 467.9922 464.878 468.6952 504.3493 486.069 484.0855 475.6409 444.9519 476.0212 441.719 417.5515 462.3724 430.6837 435.8725 450.2468 454.6508 390.6007 377.8582 363.3029 373.3655 388.6252 421.18 446.377 425.9049 477.3089 468.6353 432.6075 416.2556 452.4658 430.8708 454.9692 412.0482 438.7269 444.1645 459.7829
293.9522 297.011 305.5498 309.0048 303.9637 311.5299 313.7122 313.712 319.506 329.6282 328.7117 322.0805 313.3383 316.8075 324.0233 315.7499 323.0956 325.4975 323.9944 330.1763 335.3099 337.9596 338.7742 345.5124 355.7065 360.6399 361.233 372.1376 379.0396 400.3972 433.0388 458.5538 434.0115 449.1686 455.6927 495.3432 468.9941 512.8518 493.9898 494.8074 478.7301 481.3578 437.1772 453.9167 442.1059 471.6926 423.0341 411.0999 450.0826 471.812 418.1551 389.7835 369.3446 368.1097 374.8755 416.8101 401.7208 418.2312 465.1928 457.848 435.5221 438.6108 460.1974 441.1633 446.7648 424.9156 432.6446 469.3267 472.4548
315.3165 332.5053 337.4654 325.0239 330.9499 319.8344 330.2463 313.2093 320.1133 330.5399 337.5719 321.4887 315.4561 316.1393 324.1915 316.8177 317.9518 319.4243 323.1093 324.8993 331.0662 332.3769 338.5547 343.3537 349.8177 352.6697 360.7547 364.6756 375.0742 387.7583 399.6031 407.0603 409.6683 420.2611 437.2853 492.8182 514.1904 496.0304 505.6646 501.5048 478.5783 503.7436 453.3585 442.5786 462.8867 463.9733 460.378 475.5366 430.7244 440.5435 448.104 416.6191 386.1487 368.6483 372.3675 420.2594 471.1849 461.615 464.7744 456.5952 452.6844 463.9058 453.5691 440.985 475.0398 469.16 425.9771 445.7885 463.4815
302.7332 309.9091 319.0382 330.2598 322.4023 315.9225 324.2425 327.8817 317.7874 330.3741 341.9836 343.9165 318.7735 316.4626 344.496 324.1857 332.2131 319.9233 325.6643 322.9601 328.4883 334.88 338.7998 342.4166 343.4976 348.4916 354.7669 366.5732 364.4026 382.021 383.3649 393.2973 401.6098 411.2091 425.0227 456.7327 492.7574 525.3254 506.2781 508.9871 515.2554 474.2712 452.8467 444.8061 451.6802 499.2599 457.339 482.9454 448.0006 464.885 415.8102 401.4359 390.5974 372.2492 376.9199 405.7849 446.3727 476.2878 467.2717 460.26 463.3174 448.3606 474.294 458.8542 465.7626 475.326 429.4612 448.2482 437.8803
305.9792 311.4118 322.3949 323.1855 328.6177 319.0647 345.0212 342.1646 316.2956 329.5421 355.1328 343.6872 348.354 318.0337 317.5985 321.7797 328.5683 332.5597 326.48 336.2144 324.8693 331.067 330.4403 333.3248 339.9999 343.2447 352.109 353.6805 356.911 370.3685 378.3933 392.7538 393.869 403.1633 429.4919 436.539 486.2668 488.0522 474.8431 491.2314 521.3102 470.5038 496.1651 461.8087 513.2713 490.1687 480.8893 472.7869 466.0763 454.7108 430.5827 408.7153 383.4701 372.4669 377.8554 420.0154 422.0207 453.8284 469.0457 458.638 474.1108 467.7442 466.6988 463.8648 471.1635 486.009 475.9279 446.8542 472.0319
344.3608 314.9064 330.5175 327.1591 338.1208 324.4768 327.2852 343.2513 319.7935 324.2296 348.4109 354.4417 333.1922 322.2743 319.135 318.8377 324.4459 330.8803 322.3508 324.1536 330.6318 334.8257 348.9682 330.5725 337.4121 335.2059 347.0392 348.6768 360.2806 365.2308 369.0217 379.0107 388.8082 397.4138 409.8124 428.5788 444.571 457.7472 459.3361 475.3587 519.0833 515.1388 500.7701 484.2677 489.006 514.0591 490.2472 465.143 446.8896 414.1947 411.0709 430.5454 374.6026 373.8239 391.2086 399.55 440.7246 486.4901 476.7651 461.3722 473.3768 471.8705 469.7722 462.245 458.9975 477.2273 487.8256 437.5574 483.2159
344.2055 324.9108 333.8067 341.716 338.0176 329.0573 335.3941 336.4131 322.4868 344.3922 334.5639 359.6803 343.7455 329.1942 322.1811 319.3695 322.4572 328.9664 325.5907 324.1407 332.7073 340.1313 340.401 350.5964 349.81 337.6021 345.0589 351.8194 354.8164 360.2814 358.7652 385.4778 373.8801 397.763 399.9424 409.9474 423.1084 460.2635 459.0074 498.8012 464.6946 510.6881 489.7201 500.7972 496.1279 510.23 495.0527 485.7822 477.6381 468.5807 419.462 432.8791 376.2992 379.3879 392.2025 403.2306 428.7306 450.1697 479.0902 478.5805 477.445 470.8985 470.8128 476.6247 476.6997 484.4781 473.5534 438.3359 480.8057
342.9757 329.7268 324.0233 351.2735 343.335 341.0871 345.7301 337.007 323.4151 346.789 353.7205 351.9427 328.0502 330.2325 322.2716 324.8164 321.5385 328.9814 333.7449 329.6607 334.3929 333.9215 339.9745 342.2192 352.4751 350.9447 346.7187 342.9315 349.7325 351.6142 354.9677 361.3307 375.0576 396.5951 390.1926 402.721 411.2102 420.3372 438.6277 469.8814 491.0342 471.2274 449.704 499.1635 501.5573 491.3575 477.9892 470.3859 477.7 475.9774 447.6049 476.3135 394.6356 378.0599 395.2618 434.7119 408.2545 431.3791 450.1856 476.799 480.1983 481.0341 476.341 476.6865 476.1521 477.0248 484.4582 441.1594 466.3836
343.374 340.851 341.7152 354.9671 347.0583 344.3971 347.1842 355.4713 324.9745 339.1087 350.018 367.8381 348.2801 339.2746 323.3282 323.4352 325.5503 328.9807 345.2619 350.0241 334.9572 331.8242 337.0722 349.8907 354.0334 349.4316 343.1487 348.8514 352.5276 352.8412 360.8777 364.183 367.902 377.6845 391.1568 396.113 403.0251 411.3664 420.6729 441.2531 448.3296 466.3179 439.8665 475.4671 492.7611 451.1623 459.7777 461.8853 462.99 460.3964 473.4557 480.183 429.9615 379.3833 386.5518 439.9234 434.8643 445.7659 485.6848 489.2383 483.8876 485.1526 486.186 482.5423 481.1008 480.7211 485.2751 452.8721 481.7589
337.5894 344.2642 333.7422 369.7767 359.2218 370.9699 365.3065 336.4177 334.8926 343.0572 353.396 354.8176 350.625 335.6476 337.696 334.0797 325.2018 324.7018 325.868 355.7822 348.575 340.1734 335.3709 341.9675 356.3849 357.2672 349.8867 345.8795 346.1106 348.781 359.841 360.1853 367.374 379.1061 383.6673 397.7964 399.0449 404.8925 409.8544 414.5095 429.7113 435.9904 443.2343 445.6057 447.2542 434.4693 434.7475 438.7381 443.9789 451.9772 465.0193 474.8903 452.4337 385.4443 381.5099 406.7958 433.2103 436.9518 465.3882 480.7644 491.6355 489.8857 481.4502 485.9873 486.2874 487.7962 496.1634 484.9955 468.6631
341.7029 354.1393 348.5252 355.9658 368.3221 364.8699 342.5141 350.7234 341.5298 344.522 359.869 356.2807 342.1908 342.9969 328.6527 339.8343 332.2174 326.3354 326.9613 337.4126 356.7987 340.7544 336.2071 350.0313 340.2771 346.4335 350.1118 361.075 377.6761 358.7887 355.1473 375.1364 385.3623 376.4853 377.6727 383.2195 389.5111 398.3788 401.1696 403.5921 405.7207 416.5581 416.6865 422.761 423.1281 428.5008 425.0974 438.9745 444.2205 445.4743 457.7959 448.5392 422.8593 389.0536 383.8597 393.101 401.0533 420.2936 436.4637 461.3263 478.1764 490.3308 489.4547 490.904 491.9451 494.2998 496.8631 458.2679 452.5278
354.0579 359.8193 341.0447 351.6985 374.3929 358.1092 369.0737 360.8977 349.248 341.6345 355.705 365.3472 357.6231 351.0085 332.6623 347.7015 336.202 329.0986 330.1165 336.5766 348.8313 347.2772 341.5246 344.8488 343.2227 352.6083 356.9402 354.9688 365.9997 379.8499 352.6317 364.8828 386.4792 373.6385 378.6785 379.7846 383.107 389.9358 393.6532 393.1664 399.9636 411.5365 420.5774 403.7245 399.8929 436.1023 415.3191 442.2043 446.5445 452.5061 455.8944 466.546 436.7728 397.1235 386.2642 390.3107 398.6477 417.7842 423.5887 444.5366 481.3885 496.8182 496.9707 494.5244 495.5392 500.1272 498.5692 488.4528 460.2522
364.9581 356.2176 355.5111 352.4457 366.4035 363.2494 371.3303 373.1345 358.5583 342.2234 365.6007 371.1852 362.1152 363.0913 338.4993 355.5691 355.7636 343.4944 330.3531 330.4066 331.8631 357.1712 347.2635 354.6014 352.2178 348.4077 354.7576 355.387 356.3204 374.1794 361.6731 356.9291 361.7836 367.1015 370.2367 373.2366 379.6261 383.643 387.7981 388.9288 388.3133 391.7593 392.2006 397.8651 425.3925 433.0807 441.5028 446.9332 449.6746 451.9545 431.9428 461.946 434.648 400.3999 387.8709 390.0862 401.5325 401.8622 421.7326 433.2557 440.7346 463.2002 470.8298 503.2905 496.4103 502.2486 486.7817 494.4731 477.5134
375.4419 351.9189 368.4263 357.1732 385.1135 380.8061 386.055 353.949 342.5139 368.847 362.2296 377.742 368.7297 358.9846 357.5704 348.9062 368.9604 341.6768 332.9746 331.0708 332.57 337.2639 342.3411 346.1603 349.52 356.5826 355.033 354.2439 362.0281 363.6738 375.5542 376.3279 361.8103 371.9493 381.7358 391.2748 383.8884 376.3261 388.11 402.0146 422.8855 420.8738 414.8625 395.2732 403.0522 434.8618 427.5332 426.4209 439.3149 451.2531 422.406 426.187 418.6545 391.1849 389.092 390.6447 393.8216 390.6573 396.8785 421.9788 444.6776 458.3312 455.4465 482.2141 481.4854 500.5193 496.3717 470.7877 485.509
376.7101 371.9297 366.8203 379.9937 373.7849 368.9594 363.162 358.7734 375.9914 369.2354 380.1061 390.694 377.2798 372.4835 354.056 358.7162 360.297 349.9944 341.7694 333.2258 334.8639 349.2593 337.693 339.86 343.212 346.0257 344.9668 352.8365 356.1822 368.0922 363.1502 376.3182 381.6846 365.9537 379.3178 389.2632 378.4748 411.0491 419.2708 427.4269 434.7946 425.8401 431.3601 403.0498 391.1267 414.1639 422.4203 429.4369 432.3052 437.0764 441.1024 423.9156 417.6809 389.6392 404.0929 391.9793 405.4565 434.1544 393.8961 410.8978 417.929 430.2159 465.8909 472.6851 484.3098 490.045 475.8832 481.3735 509.4712
393.7109 400.6402 387.2512 384.4001 373.051 359.4987 381.8895 364.8407 408.2665 397.0405 370.1196 361.2459 360.4264 363.6138 360.399 378.1832 389.9716 372.766 339.3504 336.6568 336.2385 344.2961 346.463 358.3219 351.5424 353.7541 357.9682 349.5921 354.4737 354.0041 364.8055 378.5284 383.7049 371.423 374.0664 381.6181 396.195 413.1823 405.2921 408.5654 410.9005 411.4711 412.0337 420.9367 399.6642 413.1907 408.3909 424.1326 422.4781 422.7907 427.6191 410.4142 410.0272 427.3733 417.6418 393.223 394.9592 400.6698 408.9046 402.6812 416.1216 434.883 445.6518 454.817 497.4862 498.0674 487.629 500.1139 493.3533
390.7773 391.7013 380.6315 370.7751 367.0515 392.5927 409.5262 386.3849 399.9602 393.6855 399.6975 384.7135 364.8043 377.595 366.5716 376.0005 374.2006 375.9266 340.955 338.0179 337.2363 346.2772 337.2611 349.0736 342.87 360.1293 354.9726 356.3014 353.7885 361.22 359.1194 369.188 368.7427 382.5864 372.901 373.6721 409.7148 413.0378 425.592 424.6549 407.1443 408.8595 421.5253 408.1439 423.7326 401.8602 402.6252 409.5593 429.2539 418.7371 426.0151 430.0164 405.9097 420.5274 413.4393 414.3502 404.9067 398.6156 426.1948 407.6953 408.6636 423.9377 442.4616 458.1939 458.7749 455.2537 501.9302 511.3495 488.3298
416.3299 389.9421 372.6023 377.8147 370.9886 411.9028 384.9156 404.3065 407.1432 411.5667 393.5781 412.1759 363.8449 390.1443 369.7926 367.7013 366.7737 346.2966 340.6363 341.4129 341.6216 342.5673 351.554 343.0739 348.7405 355.5709 355.4742 359.2002 367.172 356.8325 364.7402 367.3956 367.4829 363.5712 373.893 379.7053 382.1012 412.9008 428.05 437.3188 415.2209 414.27 427.123 429.2621 413.2321 423.9657 435.0128 410.7083 430.2467 435.1729 428.3521 440.4065 437.6668 446.7396 437.2865 404.6125 397.4843 400.5985 407.2856 442.0987 406.5254 420.2698 434.1533 426.7914 458.2762 452.0567 476.2075 510.9019 495.8009
393.3005 378.0155 383.0049 426.1546 410.9705 430.7906 426.1571 415.0948 420.1011 403.343 423.3834 416.6382 405.3863 387.3134 382.637 374.6096 353.0523 345.8997 343.2388 342.9789 343.2535 343.5329 349.1783 354.4831 356.22 347.2266 355.4046 360.0311 372.6701 362.0656 367.2302 380.2956 386.2782 375.6933 376.9735 377.9834 387.9428 389.5008 430.1337 435.0675 414.2809 422.4971 433.2256 438.9465 423.5286 438.0737 442.365 414.1951 423.7895 441.9322 438.0616 440.3336 439.5091 445.1137 423.5353 426.6792 402.6938 399.5727 448.7439 423.5425 440.6977 412.9789 413.8859 434.3801 431.1267 455.1319 471.8981 491.4016 494.4334
378.3614 390.2489 428.1089 437.8647 429.3968 438.2271 425.4867 418.2617 422.9801 422.7367 434.3606 405.6841 396.9395 368.2413 379.6787 365.5374 347.6565 345.1733 347.3928 343.7221 344.6009 345.054 346.5912 351.8026 361.5115 362.5045 354.7934 358.8504 365.9276 365.4042 373.0028 377.0253 372.4691 383.2125 384.4267 375.9769 393.9913 399.4683 402.9142 402.2454 406.2446 422.6951 427.8231 419.1829 422.2952 425.4939 454.4572 459.7879 440.5043 421.5807 442.7116 451.7686 461.2493 433.3438 455.5027 447.6295 419.8106 401.8244 433.2077 420.8951 457.1794 429.7415 444.9548 421.5497 443.5148 460.8801 460.1805 458.1992 476.5156
410.2078 444.562 461.649 442.2483 455.7846 449.2877 456.4131 427.5018 453.3933 435.8386 402.1875 407.6026 372.5038 421.0486 405.4632 377.1309 353.8893 348.433 346.0671 345.9773 346.0012 347.0674 348.5764 351.5638 360.4688 366.5713 373.2403 366.5333 360.3086 380.4693 368.7014 385.1078 391.5181 383.8034 405.7723 394.6848 377.9297 387.4684 386.8155 397.3859 437.3877 443.0221 421.9074 445.343 449.2365 445.9642 426.0362 457.0889 438.8839 451.1149 455.5236 460.7531 467.4251 451.2974 464.743 447.3062 404.785 403.6604 419.3475 461.3041 440.6139 451.7069 433.2045 418.5865 434.4689 443.1845 445.8008 451.6207 468.9228
475.0074 447.4388 443.5388 428.9121 444.1144 471.7082 432.5491 425.7745 455.6122 415.9065 414.5488 379.8496 405.3256 399.8685 393.0895 374.092 349.2611 348.6243 352.7536 365.325 347.4046 348.9854 348.4361 350.2607 355.5615 358.643 364.7001 366.5114 381.3692 379.3239 381.6895 378.0698 388.7152 391.0872 398.2191 396.3859 392.2941 403.6741 401.4002 401.936 422.1516 435.3985 470.7162 464.3655 447.4303 441.7955 463.1837 444.6566 441.8714 448.6982 462.5847 444.2398 466.9056 478.7242 456.5894 411.9778 421.6245 412.9263 416.6832 470.3633 469.5524 464.6177 438.9961 423.9216 422.4063 459.6472 448.0655 458.9604 440.0835
492.6646 468.8242 439.7332 490.5194 451.3489 424.908 474.9297 412.74 402.7111 403.6047 416.5916 436.4655 399.2187 387.9291 378.1798 381.2903 351.5275 354.2812 365.7452 373.8655 373.9689 353.9741 350.7254 352.4575 354.1468 370.7342 358.3348 378.8689 377.0499 371.3213 383.8161 391.4363 378.8066 389.7642 390.6458 411.7411 414.487 402.9474 396.476 402.2129 436.1801 438.1302 483.5696 475.5355 444.0695 485.7831 451.0805 446.7374 460.6424 454.2775 456.0104 453.1543 486.9331 458.737 419.7425 428.0049 435.3544 421.4468 406.878 438.0406 477.6222 464.6665 466.0688 429.6701 423.3184 434.2977 466.2215 457.8492 471.1346
525.6011 482.2875 462.1096 492.2487 441.6224 465.3821 445.016 470.3111 436.6117 458.8519 431.3672 421.5616 412.5705 412.5797 407.0215 381.8794 355.8622 356.3776 366.3747 361.9676 378.0494 371.882 352.0438 353.353 354.0551 370.1176 378.6371 385.5926 375.7769 391.8455 384.0966 398.7259 405.2025 398.4487 389.9246 403.309 418.1307 421.0831 425.8123 425.7926 442.2444 438.531 455.7235 481.0669 496.0253 497.7512 454.4167 462.2667 456.4927 482.8991 456.9312 490.4601 439.8105 426.7541 414.7108 433.8542 461.6946 438.2109 410.4665 440.868 458.9957 478.6163 445.0759 466.5398 431.7158 428.1905 443.4449 454.5309 469.523
517.2938 491.0161 520.4047 465.4751 508.9674 486.8894 455.2187 482.9276 458.8288 451.181 446.1217 443.6842 399.7847 425.7822 380.8531 372.4913 357.2038 357.0396 357.3336 360.9666 365.9015 381.1214 351.4794 352.5046 355.5989 359.8137 373.8823 374.3886 394.126 397.7371 404.1352 405.4483 414.4977 413.5298 388.3916 407.7625 420.6491 468.0433 469.2164 468.5032 476.8133 450.5586 471.7248 484.5082 492.1667 487.5321 488.1968 491.5465 456.8463 470.5385 463.6494 492.6809 457.8212 418.9164 467.5747 453.8238 482.5255 469.5014 414.9772 415.6751 453.4876 461.5339 465.1598 456.1839 436.4825 453.5798 454.5175 441.0682 458.8867
506.6476 529.1981 507.556 503.0899 513.3178 506.058 496.8516 484.6219 443.15 433.491 414.5556 407.0561 391.7115 381.7179 367.5581 368.2545 358.3518 357.9917 358.0351 363.1492 361.8525 386.0376 355.4054 351.1728 352.6125 368.734 367.4755 396.301 383.306 392.6441 397.2183 390.0048 401.2426 415.9645 429.8696 396.0764 408.794 431.6131 454.5571 476.1895 477.1361 464.5559 501.7447 516.3317 514.9368 481.6597 480.4359 508.0031 485.9433 495.3585 491.7092 462.5409 422.8794 443.63 505.8456 456.9544 482.6903 496.4002 444.2451 413.6916 427.3839 457.501 467.8816 473.0793 444.1949 438.1542 452.4871 457.0597 469.22
498.0912 468.6395 477.1489 469.4128 471.4008 463.5243 457.5692 447.898 427.486 419.8576 392.3495 385.55 375.2256 366.5272 361.1522 359.7573 361.9614 360.5396 359.1627 364.0507 382.5471 367.2678 370.7869 353.4691 354.7697 372.852 383.1782 390.0834 404.0355 396.9791 400.2841 426.3205 413.6697 409.7766 433.2711 436.9578 417.8998 432.5397 438.5136 444.4612 460.1818 481.7663 514.6695 519.0912 513.5638 472.5439 483.4322 495.4048 517.878 481.2741 472.2569 427.1326 468.9761 501.3866 495.3391 488.7391 470.0937 482.6151 452.738 415.6655 422.1357 452.5582 489.8814 484.7618 459.7836 461.105 439.8524 456.002 477.072
481.4126 482.7198 463.0548 458.548 443.2899 433.4433 439.7801 454.5526 422.2742 391.0902 378.3347 370.5004 363.682 360.6394 360.3982 373.4021 376.7907 368.3159 361.222 363.34 385.324 376.1381 389.9627 355.9434 356.9203 372.3401 380.6357 379.6354 418.3856 427.3078 399.8599 -9999 414.1303 434.027 427.7756 464.1225 405.9699 490.4119 483.0583 472.7931 458.3483 468.7914 489.0404 505.7432 489.318 463.8523 504.154 513.2721 546.1013 499.7062 480.6647 429.2914 482.0251 532.2159 522.6401 509.6994 506.295 484.9543 490.401 417.5272 429.7403 459.0978 507.9693 477.1123 481.0659 455.7621 456.2892 449.2428 450.6764
466.9599 490.3109 475.6629 475.6954 449.6854 429.943 419.6274 404.909 394.1573 389.6083 376.6702 368.6063 381.8528 364.7098 368.4077 361.0859 374.6951 370.3747 364.5108 363.6572 395.616 386.0024 367.6062 358.1321 358.6582 357.5738 367.0128 388.9607 423.592 -9999 -9999 -9999 -9999 -9999 -9999 452.8728 455.0211 468.3172 517.8278 528.3091 503.1 480.7755 485.466 493.347 476.8107 472.9741 486.4317 515.1205 526.0411 525.0502 494.6882 436.3066 503.0095 518.9816 553.4174 561.4178 542.7371 521.1176 485.2418 434.2202 422.0063 460.6251 495.663 509.904 486.5116 485.2661 469.3244 472.6026 483.8558
477.1922 464.8667 444.7129 446.5632 427.5846 415.2747 410.0543 409.5586 399.1117 -9999 -9999 -9999 -9999 -9999 388.4261 381.2508 366.9363 381.757 372.554 391.5421 389.0215 387.5286 360.2059 359.8217 360.5369 366.1669 362.9715 -9999 -9999 -9999 -9999 -9999 -9999 -9999 -9999 -9999 -9999 -9999 489.3645 548.4467 558.2234 548.4102 549.869 517.4773 531.5308 522.9695 488.8049 484.6176 489.8675 526.6696 473.0971 446.1997 460.4041 502.0446 525.1315 551.9281 532.9841 555.5956 505.6631 439.7826 420.5934 509.2935 527.3962 525.9081 504.5183 488.8873 487.0173 488.6246 475.9206
