data/map/CA_DEM/n36-37w121-122_Resmp_clip-Mod_ASCII/n36-37w121-122_resmp_clip-mod_ascii.txt
ncols         354
nrows         413
xllcorner     1773134.5889377
yllcorner     514871.64830039
cellsize      300
NODATA_value  -9999
[rows 310 to 340 of 413, columns 276 to 344 of 354]
283.0121 295.5331 292.5509 305.8956 292.1541 308.3095 299.239 289.1786 321.5852 319.1506 320.031 346.0188 351.1609 360.3692 348.195 344.2458 415.0241 435.0649 429.3211 424.1655 437.551 468.4973 441.1252 419.7673 397.538 356.254 437.2557 442.0087 431.8401 392.8112 441.5929 460.2072 492.2042 465.1042 465.7241 468.8714 477.2866 488.835 512.0814 465.4064 429.8239 445.7665 490.62 494.3701 539.1016 526.1135 549.9513 503.739 493.5232 544.3485 519.0142 475.5295 481.5456 550.5262 512.9807 492.3614 555.4686 550.986 562.9375 545.2589 585.9755 -9999 -9999 -9999 -9999 -9999 -9999 -9999 -9999
294.6925 304.9249 306.7595 301.1838 304.3606 296.7641 280.5681 289.7841 328.8142 310.6429 333.8828 351.6451 344.1046 344.3277 322.2232 350.1715 403.9676 442.5906 418.7449 379.0837 415.8768 460.8153 459.1271 389.9952 365.5337 361.8882 418.0903 420.137 380.2869 436.3686 425.6538 475.246 480.7737 458.6114 466.4142 470.077 470.6764 486.5031 498.4074 449.6748 415.4704 439.6955 473.2692 479.4204 532.5601 499.8072 513.2775 507.0761 477.4404 528.3897 498.3075 477.9081 474.5992 515.0552 476.2171 541.0046 534.2991 537.8287 528.6772 577.6349 563.2057 522.3505 -9999 -9999 -9999 -9999 -9999 -9999 -9999
294.1609 285.2964 289.9627 285.2121 295.3743 281.8035 307.6714 325.9358 337.2524 334.9569 336.2888 359.3484 321.31 341.8444 318.7273 395.8101 423.4798 410.8863 364.8904 410.4341 411.0792 446.3787 422.1923 391.2734 347.3589 386.9868 377.6448 359.754 423.8416 440.049 442.2857 476.8991 471.9619 434.0958 433.5008 445.6554 491.8801 507.7466 464.713 444.8416 412.7973 452.6878 485.222 498.4466 507.5864 487.3352 523.1818 496.6751 469.2784 521.168 518.4353 449.8879 479.834 486.1971 510.437 545.9316 509.9451 532.1092 566.3433 566.4353 523.4567 523.9899 579.9003 -9999 -9999 -9999 -9999 -9999 -9999
293.6997 283.7929 274.4515 286.8202 278.5878 275.6011 312.5167 333.7629 306.8119 317.8411 337.1631 340.5478 344.3612 314.0514 343.834 377.1249 370.136 374.3671 403.2193 382.1242 407.5036 422.6617 422.7752 363.0413 337.3236 383.501 355.6541 405.377 448.2062 412.9233 444.0831 466.4606 428.2932 450.0925 437.7396 458.5567 490.7869 488.4492 448.9688 421.5056 407.0277 465.7701 469.8311 495.1462 501.257 477.5735 525.4381 478.0512 473.5058 517.0594 507.1724 442.8472 498.9589 459.746 523.5554 516.3476 530.5164 576.7227 561.4574 516.5894 495.6306 539.8046 579.4963 573.6955 -9999 -9999 -9999 -9999 -9999
270.41 274.1898 279.4884 277.6861 287.1141 316.4487 290.0991 325.2801 337.0552 304.9417 345.8009 308.0243 333.1286 299.4034 341.2248 380.8481 371.3975 344.6456 404.242 393.2076 401.0239 404.277 371.6105 366.3632 342.6307 373.9421 411.0749 430.7728 408.9652 422.0172 459.8306 432.0283 424.8634 427.1503 437.2128 446.532 465.8856 476.775 466.6119 421.6607 412.7257 459.763 482.0774 495.2764 486.5255 472.6377 497.4965 472.6298 470.8913 511.8538 486.4811 439.2715 461.1926 487.1983 496.947 504.6049 536.4467 561.28 571.1721 512.1004 517.3626 553.2682 586.6797 558.0744 533.1524 -9999 -9999 -9999 -9999
261.0423 276.3972 256.8566 285.9807 283.2123 309.5963 307.7404 314.2737 342.7712 315.4508 322.8077 319.1629 332.8193 290.5261 344.484 355.5087 331.2089 376.9292 351.8658 392.8563 399.2116 395.7612 355.3172 328.9399 352.6594 387.8165 416.777 404.698 421.2113 421.1617 439.9753 414.5354 450.3665 415.7482 437.4922 442.6552 450.7672 442.9857 446.4474 411.511 436.8729 440.6788 475.5932 490.0387 469.9473 489.4869 470.1484 453.0716 457.2632 491.4896 462.4533 433.4826 464.8962 460.7931 499.3276 532.9495 510.0505 536.5587 531.5856 477.9687 514.2924 539.4886 587.233 531.0706 530.1104 502.0583 -9999 -9999 -9999
276.6117 252.9958 281.4931 287.7468 287.3687 295.6637 310.5658 319.0505 320.6371 315.1797 311.8873 322.7576 325.6007 293.1526 320.2214 345.463 347.9811 335.3768 379.6789 348.5195 374.9482 356.976 329.2505 325.0553 366.2658 404.4262 402.3719 400.2008 403.6873 419.8669 409.0167 417.6713 435.9911 406.5185 423.5435 439.5217 468.9747 417.2492 423.1395 390.9449 414.9996 454.6156 481.0935 459.0031 471.6233 478.9453 456.235 443.046 449.1175 468.57 438.114 430.4529 444.6328 484.1033 506.3869 501.1199 506.24 514.7415 506.6163 468.5396 509.0473 524.9047 561.7947 508.9526 524.3176 494.0646 -9999 -9999 -9999
255.8729 256.4451 262.5741 285.8868 289.0087 293.9945 290.7614 312.852 312.6721 319.4646 282.4694 313.8272 287.5034 304.339 344.9639 337.1082 322.5211 363.0623 366.0298 372.2405 363.2167 331.5496 312.242 344.1385 378.6658 387.8805 371.3923 409.8281 390.3299 397.7285 397.9838 430.3406 422.082 402.5185 432.0206 443.1991 450.6361 413.6705 416.3821 390.9991 452.1225 464.1404 464.7939 461.1617 460.7822 470.9254 464.2876 422.5165 470.8134 451.4677 422.9092 453.765 476.4367 481.7679 507.2593 481.3001 507.1941 524.3865 482.8512 465.1572 494.3514 526.8015 545.6696 502.5729 510.9748 478.0868 491.7872 -9999 -9999
253.8267 286.4379 296.1819 275.4225 271.0699 301.6511 306.186 306.1582 313.4929 314.9658 308.0181 285.5025 272.3627 325.7503 320.1163 328.3219 340.0113 332.6264 348.4865 346.9498 341.2297 324.2843 326.6704 361.4778 383.5406 385.0912 387.3097 398.5265 399.5619 389.9903 418.0306 416.3292 401.9375 429.5047 431.6075 431.6544 453.7115 406.894 393.6669 409.3219 450.1622 469.0876 445.1678 457.6088 434.1861 473.5707 477.3908 428.5686 453.039 424.0712 435.5939 476.9408 464.8123 502.4482 471.9736 507.8434 523.4421 512.5194 474.2971 452.0288 487.6042 525.0901 519.1343 474.4152 492.0587 456.2472 493.9887 519.9172 -9999
267.9189 281.4609 269.9177 286.3677 296.4071 310.4809 307.2663 273.6841 263.0406 270.3047 310.1017 297.6152 269.7943 314.3983 335.5317 315.6818 319.8067 334.441 351.1138 317.2051 310.9501 303.6096 334.7121 356.3663 385.2032 368.9486 365.6306 378.899 393.1759 376.3394 381.8734 417.6636 393.2858 402.2191 402.5429 435.5282 426.6073 390.0819 380.1243 406.4294 440.2474 463.385 457.9582 455.1917 428.7332 454.7835 441.2368 413.3773 435.4219 414.5274 451.0335 447.8572 473.4178 452.2609 480.1871 504.0843 493.8631 506.6546 465.4511 441.967 480.9139 506.8191 520.2047 478.9761 466.1962 458.9887 494.4982 517.0634 514.9973
272.5895 249.9553 287.8888 282.223 297.538 287.454 304.8533 289.624 252.2538 304.7247 272.302 276.8705 306.597 302.3633 319.0678 292.9056 315.6768 338.9496 343.8097 323.8701 298.9316 317.1272 347.4934 344.0801 381.139 369.972 354.267 360.1356 369.4553 370.7252 400.4102 402.4888 397.1884 409.4315 399.2467 414.1895 410.801 379.8503 386.5105 406.9191 453.4447 445.8746 442.7433 463.044 418.2388 457.3552 432.7549 402.2432 403.7903 434.5939 441.9078 443.8153 451.6375 473.7028 505.1168 507.4035 486.1238 480.9023 451.9572 445.6617 468.8699 475.6444 507.5162 470.3858 460.6711 464.4093 485.5007 502.05 466.5596
276.6755 280.1319 266.8991 283.2178 294.101 264.3804 290.8547 243.1165 300.3683 297.4024 267.7966 258.453 308.4308 315.1186 301.9415 300.1242 350.694 322.5677 328.4787 326.7303 297.5043 351.5333 342.6708 336.7662 345.1235 344.1639 363.6263 364.2948 372.8621 374.5334 369.3107 399.816 398.2348 398.2059 398.1134 410.3236 387.6557 369.4867 387.2113 415.5966 440.539 437.7542 431.4823 450.2135 405.1954 423.1306 415.0873 409.2755 419.1512 441.4538 422.7964 448.2407 469.2912 490.7526 484.0961 498.6505 488.1127 475.1903 444.0684 452.5803 440.7224 474.6096 462.0352 476.5516 432.3783 480.3734 476.6403 479.6371 464.1942
249.8605 266.075 272.0633 289.2659 273.7139 230.5191 233.0713 242.6865 270.7195 269.422 260.9445 288.6522 302.3665 299.5498 287.9504 311.3834 335.7016 322.224 318.6301 289.3752 318.4157 339.6747 332.9916 336.7942 347.7041 345.171 355.1353 350.0313 364.1228 365.8615 375.8621 381.8693 391.6518 382.3201 392.6436 389.6806 369.9474 366.6639 392.3393 417.7266 434.4706 448.0508 415.9097 435.3875 406.5843 405.0626 388.7182 421.5996 441.0825 426.9266 454.2594 467.4567 466.4553 459.9372 482.7802 501.3829 474.4248 465.2552 423.8903 445.162 440.459 475.6351 432.6978 445.2585 447.5901 478.3298 456.4098 455.1982 486.8295
243.4827 244.3983 247.3932 248.9431 232.6157 234.9554 236.1904 239.2471 264.477 248.1795 287.9598 296.4174 281.2635 273.7477 299.8303 297.8048 331.7271 307.4912 287.3647 292.6219 338.5183 325.3048 327.9939 336.4222 333.2499 341.1729 348.1541 336.4218 367.7976 352.7118 381.1792 393.9871 365.1071 365.8437 379.4352 372.8862 359.8779 371.0898 393.761 409.8066 433.6795 425.5005 419.4545 406.0288 390.8566 400.8335 409.0282 447.4533 408.4584 453.6967 443.8708 430.7731 450.0074 481.2615 492.3322 453.5221 467.751 442.7197 418.3317 457.6192 431.657 468.3806 452.9718 422.1807 472.2906 453.211 442.4417 491.2 519.3281
235.7464 237.5883 239.7961 239.7044 231.1241 243.0433 234.1431 235.6384 243.7483 269.7688 287.8066 290.9163 262.0387 284.2905 288.1656 298.6081 304.9976 308.959 272.7725 316.325 312.3026 324.9586 334.8969 316.1259 338.4544 323.3168 335.7006 349.4838 349.1984 340.4509 365.2797 368.9641 368.1036 374.5606 385.1885 367.7718 351.3671 377.55 395.9172 409.3602 397.7853 414.0074 396.4431 375.7025 382.018 375.1302 416.1847 433.7705 423.2067 418.5337 416.8434 447.0128 472.9969 476.3148 457.0898 456.487 459.0236 412.92 430.4101 455.0516 415.5946 452.3652 433.5485 435.7691 422.318 437.2586 480.2554 508.5514 495.814
225.2767 231.9005 233.5027 229.8266 240.2479 239.5565 234.4855 239.2659 256.854 256.0432 255.8758 265.1812 281.9161 266.9962 254.6116 260.4548 294.4095 300.3105 277.5644 312.3839 325.2639 306.3336 313.1904 338.9165 332.5448 318.6949 334.8662 348.5101 364.8967 338.1859 346.7813 380.0152 352.2281 369.0023 359.1697 355.5537 359.8265 390.8598 409.9929 387.7685 427.4835 398.041 365.7323 371.0039 401.4228 411.7949 442.5112 405.6729 405.5846 424.1886 450.6247 463.4231 485.932 466.0392 445.4593 441.2668 422.2829 394.2038 427.8156 444.0356 424.7928 446.411 421.3734 416.8817 446.459 467.5098 489.8409 479.2331 459.5299
229.7156 225.2314 232.7404 233.9719 248.4533 236.6834 236.0777 242.1517 249.3473 252.8795 254.5803 238.2253 240.0217 239.8379 252.7218 255.8542 288.5861 274.9016 302.2433 305.9481 307.1822 293.8875 329.5438 338.1637 337.745 319.6405 349.7777 343.2252 349.5042 330.7587 369.1486 365.5887 354.0667 371.511 339.2644 359.9608 399.3961 384.9739 401.6852 396.7482 403.6265 373.6591 355.5349 393.9722 392.765 425.0374 404.6267 410.4298 436.4974 452.5797 470.2053 489.0612 470.2822 451.2177 433.3027 422.2923 404.7013 420.8944 446.102 438.8503 399.844 418.0929 400.3681 456.6819 462.894 495.7969 474.8686 437.4345 427.9986
247.4319 232.4068 231.846 238.2815 259.1217 255.3236 238.7375 236.1661 249.1696 240.8421 238.961 242.6031 248.7175 251.797 251.5619 255.6423 269.3176 261.4507 293.5466 305.8091 300.5653 320.3903 310.7741 333.6053 323.4365 331.5436 337.9847 340.6932 360.3017 330.604 362.2178 343.4458 383.3205 343.2102 343.5128 367.6298 389.1356 370.7456 368.2057 416.5142 377.9047 352.1032 355.0848 387.8904 412.1424 405.2281 399.6953 430.3022 462.3359 474.6144 458.9984 447.7014 462.9289 434.0216 410.23 425.4301 377.5974 420.0431 446.0251 436.2984 405.4171 398.2758 432.4501 453.4262 492.0314 470.1396 470.3291 420.6596 450.8266
251.7511 252.1042 244.8405 243.9604 260.0743 259.0583 263.3309 242.054 240.067 240.4328 242.7402 244.2249 271.769 253.8461 242.7298 249.9651 245.6461 246.4045 279.6824 290.7751 289.8579 300.6653 325.8884 327.0396 302.8935 318.4431 345.4077 343.6292 340.1213 338.4903 330.4749 371.4703 355.1191 326.6591 350.8142 385.0672 398.5535 356.3484 388.5183 392.4311 361.359 345.3556 377.2098 420.211 410.1306 366.3725 412.7207 436.0075 462.949 475.8347 436.6768 440.8505 435.132 422.1332 419.558 403.0798 407.0145 435.1707 421.6311 417.5305 378.9604 423.9579 453.5286 481.0237 468.2143 436.9894 443.66 405.0088 457.0302
253.4562 255.8229 258.6466 236.1024 261.8208 263.172 265.6933 245.7307 243.855 244.0547 247.4687 248.7372 249.727 251.6124 252.03 252.6439 254.5069 256.571 252.0292 276.6732 285.7863 307.2913 293.9839 293.4936 302.939 328.8858 342.2284 320.57 322.5242 344.3715 378.4685 362.4818 336.0641 329.3924 361.6594 384.5485 376.0159 352.7081 392.4499 365.7054 340.1459 362.9818 398.1484 404.8896 405.8401 393.2257 401.5157 439.3499 472.8858 453.3567 415.7325 427.4882 415.4287 401.7259 423.0202 384.8763 415.488 414.2393 381.7269 373.9668 413.5647 434.1263 471.3722 494.424 469.1189 435.2568 421.4153 408.0206 458.088
257.7348 262.3137 260.2587 239.8248 265.2025 265.446 267.0711 268.652 271.7059 275.8879 271.4078 268.9707 250.9242 252.3671 254.5952 255.2735 256.2314 259.4839 246.5405 256.4265 270.3769 274.5998 284.7525 284.8895 293.2084 301.3875 304.6626 306.0958 343.4598 366.4471 368.9741 333.5793 332.1362 332.1424 369.7257 386.4363 355.4851 352.6856 376.2388 339.6959 343.5222 369.6196 417.1533 397.8037 378.5053 400.1086 407.4158 442.6212 439.712 446.0844 392.5349 398.8654 402.1587 399.5457 420.8175 357.9602 420.6961 382.7116 365.5983 408.5316 434.794 459.4225 482.9551 505.308 475.5007 443.53 383.0269 399.5415 447.3182
257.7409 259.141 262.3657 249.7414 262.4375 263.9686 269.4229 269.1119 272.1271 264.5263 268.0067 265.1798 271.4086 251.5542 256.5911 259.831 269.4888 269.4701 263.6108 246.3344 269.1555 272.6225 284.3003 281.7824 287.9236 299.5018 301.746 331.7629 359.9265 357.6787 358.7805 323.6539 315.022 332.4279 370.5091 399.6355 348.8461 356.1856 341.2568 348.8874 368.2023 392.2892 408.9445 396.9939 341.7831 392.5867 382.6203 402.1293 433.5906 418.7602 372.7121 364.2705 386.3334 414.2398 394.7757 353.0095 389.3138 358.5595 388.7408 427.679 461.9869 458.4809 473.2617 496.468 473.319 438.7463 384.136 409.2501 468.1033
250.2635 259.8903 269.9236 263.6172 271.6647 271.5464 265.7388 272.8951 272.7577 285.6306 285.7745 281.685 302.0788 294.3656 283.9933 266.1798 308.4564 296.7196 269.322 248.1655 263.9267 268.1455 276.5276 283.3762 294.7773 294.2587 302.8882 312.3169 355.7517 340.4146 336.957 324.0438 316.7747 344.2546 376.5901 392.6043 346.7107 326.3603 335.1572 380.3542 401.2396 422.9339 392.8937 377.2972 336.4521 376.4218 414.8972 425.9725 455.3068 416.9894 351.4589 370.69 405.9865 413.0291 386.9289 356.3534 350.2283 393.9079 433.6099 447.5888 430.4837 451.173 465.6695 471.0991 448.924 407.1124 360.3719 401.1688 398.6277
271.4425 264.4907 263.3913 275.9668 267.1707 277.5938 296.9282 294.9836 275.1746 287.5954 302.7419 306.5898 312.0019 314.2064 300.6572 303.6001 307.0458 321.0367 290.7942 250.7412 254.039 267.5221 278.0926 274.2168 290.0437 291.5483 293.521 297.46 319.2461 313.9396 327.3043 314.4041 324.3645 336.5182 379.0659 366.5674 326.1692 330.6556 339.1675 379.4665 416.0459 413.8223 367.6407 333.8577 368.9418 405.7174 438.8646 450.1743 414.4356 402.1829 357.0316 390.476 415.3052 401.9691 349.0923 340.4292 395.3809 408.6338 449.9383 428.6414 396.4272 420.7609 455.6207 502.8798 458.5159 436.6037 363.3947 442.1938 349.7382
263.1742 261.985 259.4857 268.5607 274.7839 274.0182 288.2259 300.1581 269.2811 283.8854 304.5233 298.586 311.8375 315.923 312.4169 319.3813 313.5141 321.648 301.4333 266.4384 249.8485 249.8795 266.8643 272.9654 278.1962 284.9283 288.6152 293.4168 304.7277 316.6983 331.2636 301.0634 329.7589 331.2213 351.8572 342.1017 314.598 311.7022 371.7794 400.078 408.5677 384.0829 358.7037 337.9027 383.3938 409.0176 407.2047 436.2419 404.3884 347.2928 366.8438 407.6983 389.6751 405.9879 333.2379 373.0513 399.2866 434.1273 420.9661 393.9733 380.6023 412.3622 461.3989 464.9427 437.6162 435.1932 347.3541 396.8515 339.3574
267.4815 256.846 263.4633 273.8816 269.3755 276.7878 276.5305 284.3466 290.4218 269.2952 286.8605 306.595 313.5802 308.2555 319.4599 320.946 321.1246 315.7803 320.0376 268.9525 273.4754 253.5083 248.9897 259.276 277.1312 276.7084 283.488 292.0378 299.6515 307.3396 320.4745 307.5053 323.5923 325.5623 357.569 330.3076 313.4083 375.9106 361.8552 386.0444 389.8521 353.9442 325.1436 354.441 349.8367 365.0021 403.0146 382.9586 361.3347 327.6311 383.8351 380.1482 396.6903 358.8831 325.5937 403.1882 412.8129 396.2137 377.1703 336.3333 387.5278 419.3614 409.6985 414.4364 392.2337 396.8355 339.1256 372.6732 321.0809
269.2377 269.6152 273.4098 271.2489 272.0816 276.792 282.4099 278.0562 288.1369 294.4018 287.4671 288.5435 309.4417 318.476 319.4388 320.8506 323.5764 320.8016 317.4113 330.07 314.6071 281.9197 257.393 249.3884 275.8854 281.7631 286.5981 298.7618 302.908 303.6373 297.8661 308.8145 312.0513 316.4755 333.0624 311.5081 316.4383 358.1288 329.6454 364.5782 344.9844 341.1068 326.6965 374.0339 399.3762 364.3007 345.1875 318.4301 313.9085 319.9738 333.7853 337.0223 331.5952 323.0914 350.092 374.4219 336.1827 332.2983 336.4048 321.9346 328.7127 334.8304 335.0346 348.7463 340.3762 335.0083 336.6438 394.4943 319.1896
275.1235 275.1605 270.8954 272.3402 281.4064 282.008 282.8547 287.8062 288.7517 292.7267 292.3214 293.3155 288.2825 306.2886 317.8165 307.3613 324.6526 332.3737 336.6296 311.1888 338.5708 306.5715 275.0915 256.6341 262.0048 281.4269 286.1514 290.5496 279.3658 282.0865 297.623 306.7286 306.5135 310.9371 323.6815 305.9445 328.9611 338.1526 336.8361 318.7017 309.99 309.9982 323.2718 360.5174 338.8886 323.8817 294.3419 298.5585 303.4661 305.8898 307.1685 308.4633 312.5008 311.9183 351.3144 309.7052 310.0964 310.8237 310.1664 312.4274 311.3147 311.0675 313.8641 316.652 316.8873 318.3508 318.0872 331.314 328.9892
275.0304 279.285 267.9276 269.0128 280.3271 285.3044 287.6316 289.7878 292.7495 297.4279 293.5681 305.7161 310.3564 292.4651 305.844 312.115 312.7684 337.9451 335.7844 320.5049 337.0303 339.5774 300.4565 260.9969 262.2326 279.9098 278.5983 282.5939 291.3498 302.4908 302.7571 299.8083 312.462 321.1803 326.7572 306.1908 293.7339 299.5804 293.1151 292.2988 299.8207 301.6127 298.9477 303.6017 298.6782 290.3395 292.3333 294.0959 296.6896 299.3073 300.9224 304.3949 307.0082 308.7045 305.9442 302.9292 297.463 297.62 300.3959 303.3931 301.0461 304.9689 305.0085 304.2292 309.8589 307.6457 313.7453 316.6955 316.4818
285.2681 286.357 271.3278 282.7357 273.5201 283.3689 284.9391 288.1318 295.1441 304.4171 308.2628 310.4351 319.6834 307.0193 309.4839 303.5342 307.2541 317.3029 335.0735 335.9209 341.7133 344.6049 299.9419 280.0004 253.3229 272.4216 272.2428 288.7773 296.2475 296.844 293.2312 302.918 303.4707 304.29 292.2523 292.0049 288.7595 287.7936 286.2834 285.9773 287.8824 290.8839 290.5947 287.6902 284.7847 288.5431 291.1155 292.2528 294.6731 296.0764 297.5781 300.5657 301.5242 301.9602 300.2375 298.334 301.482 303.4337 306.153 307.6887 308.2949 314.9745 316.274 315.772 315.3545 313.1639 308.9342 315.4572 317.0666
293.3069 281.3443 284.154 284.9532 288.005 281.3689 288.4766 301.6711 298.8273 297.9808 308.1264 313.0047 307.0636 321.4708 325.6748 335.7615 305.192 312.4846 324.6503 340.2562 349.9492 342.5356 339.2924 302.3691 262.0117 266.5271 274.3644 288.2234 280.8746 294.5519 298.0617 280.7366 280.8001 281.4891 284.1681 283.9638 282.0146 282.9633 281.6881 281.7276 278.5289 283.3477 282.6485 288.86 291.392 293.7147 292.3087 292.829 295.2995 293.629 290.1851 295.8758 294.5116 295.0035 303.1289 307.0495 309.3506 312.2336 312.4712 314.145 322.3423 324.8279 322.1711 317.5276 316.9877 316.1003 314.8191 316.6874 317.9427
