data/map/CA_DEM/n36-37w121-122_Resmp_clip-Mod_ASCII/n36-37w121-122_resmp_clip-mod-west_ascii.txt
ncols         199
nrows         232
xllcorner     1775234.5889377
yllcorner     546071.64830039
cellsize      300
NODATA_value  -9999
[rows 128 to 159 of 232, columns 71 to 141 of 199]
312.0687 312.3078 315.8614 317.9403 318.2532 323.9215 338.6044 340.0531 353.4522 365.0508 421.7918 439.506 439.0065 453.6187 386.8288 436.2509 371.8092 419.0164 410.3661 369.7152 376.948 349.4051 329.191 327.6105 326.338 350.4771 384.104 361.2111 349.9779 342.4427 364.9271 352.414 361.3725 367.0178 387.646 399.0406 401.9952 458.5028 500.2133 482.0279 541.8995 464.5908 469.6603 524.1052 595.0036 628.0821 524.0393 504.5139 548.8472 599.9436 646.1307 743.9042 775.4404 735.4332 634.6425 548.3693 529.9724 525.9641 507.2584 501.4327 504.1662 530.5061 572.6564 -9999 -9999 -9999 -9999 -9999 -9999 -9999 -9999
326.5635 306.9924 313.1411 317.7957 317.938 319.4801 324.0632 333.5396 342.543 348.0808 366.6032 406.0786 419.4984 462.1363 388.0612 386.6033 406.9537 383.6046 400.3146 377.8625 374.399 359.3659 339.8101 324.2326 330.6302 338.2028 361.802 335.9282 338.1832 379.5422 352.7332 354.3215 354.0293 387.6421 373.3361 398.5009 409.0276 400.7319 468.8094 482.8652 458.194 415.1883 552.8356 574.7451 563.4633 572.5959 502.4037 462.7645 553.841 645.2922 613.6413 712.0633 661.9429 692.8658 697.8895 602.5862 527.677 465.2633 572.2126 636.2301 587.4247 501.972 569.1688 -9999 -9999 -9999 -9999 -9999 -9999 -9999 -9999
333.7467 320.0221 306.8724 313.4454 312.1798 317.803 323.0002 329.8311 336.3369 354.8727 347.6164 368.8165 385.7698 405.7259 421.4864 398.9076 357.795 362.5731 413.247 365.0155 348.5685 394.3981 351.6345 323.4774 338.5477 368.0923 334.4791 364.8484 369.144 372.7184 342.9954 352.9129 366.0988 366.121 373.7912 394.6997 381.5961 378.8687 414.6166 502.3853 453.2476 456.275 518.0393 523.7825 518.8422 567.4349 501.4899 468.1469 550.4907 562.5925 582.1112 632.551 592.8218 622.3021 650.0094 623.7637 531.0712 533.2448 599.5445 604.8506 564.7051 515.511 529.5497 642.0583 -9999 -9999 -9999 -9999 -9999 -9999 -9999
312.2351 310.3497 308.0035 305.7463 314.0594 317.8766 319.8707 325.5623 351.7918 339.9995 343.4864 357.6201 372.183 385.5792 398.2135 442.3633 392.3522 348.2437 409.9785 399.1917 335.7088 370.9211 366.4027 324.3008 329.3496 324.7722 344.5418 349.3699 347.9305 364.824 334.4224 366.4464 354.5273 359.6107 366.6259 385.9229 389.1095 380.7149 389.201 413.2612 383.4329 473.9672 491.3278 449.7961 517.9173 444.4246 432.4856 515.692 568.4661 534.5366 564.9194 643.664 613.1889 524.7607 598.7661 504.5422 471.6396 497.9968 516.035 543.8866 640.1458 592.2735 512.5129 569.3828 556.0023 -9999 -9999 -9999 -9999 -9999 -9999
330.2699 324.2732 305.69 305.69 309.898 313.5855 317.4861 318.8069 332.7683 330.9624 328.9179 361.3792 351.4936 346.1688 360.0506 403.1653 395.1702 350.8197 375.9642 411.8724 370.4735 327.7901 344.8066 318.9286 339.4617 376.5091 378.2359 354.853 356.1075 344.2007 340.832 382.1494 378.8755 358.9736 369.7137 379.4446 364.397 381.0851 368.8669 382.0272 370.2615 391.0318 459.2181 463.8638 471.4619 413.3998 458.4691 543.675 550.9655 457.3315 558.8675 612.7811 616.8626 502.5346 599.5323 536.666 448.5556 509.8948 541.3752 612.3079 544.4869 544.504 508.6682 504.4469 591.4819 -9999 -9999 -9999 -9999 -9999 -9999
371.0082 314.5424 305.69 305.69 306.8356 311.2899 312.8608 314.266 316.3745 317.6995 324.8605 326.4595 345.6866 341.1571 351.807 418.0441 392.3312 372.9752 339.429 409.8835 378.8059 342.4199 322.489 315.8687 344.63 389.9513 379.7933 339.5844 334.2498 336.0182 375.0327 384.4219 365.1083 374.9239 368.7149 374.0901 364.4891 377.9807 378.0947 378.7346 376.9504 364.0553 377.8796 405.6056 438.4337 390.7858 520.5956 518.7831 520.0175 466.2343 497.838 496.7045 527.9445 497.0206 515.5081 472.3711 490.9823 576.8865 519.6863 564.9777 522.3391 483.886 487.7244 506.2693 556.2982 557.0535 -9999 -9999 -9999 -9999 -9999
350.4 346.3046 306.9611 304.7693 305.9986 308.8048 309.7463 312.6466 314.144 317.4192 321.8013 317.53 319.7804 325.1202 368.721 401.1409 395.4649 353.6183 337.2325 394.6163 429.5855 395.5296 341.486 311.5743 354.8184 356.6685 362.9417 325.4213 348.4164 386.2903 377.5726 385.1335 353.5303 379.0619 373.1832 368.4938 349.6377 354.2574 368.3033 378.0391 355.1478 354.5353 366.4565 409.3492 402.2032 419.7879 417.3723 474.7033 501.2082 463.5137 463.5398 449.6067 470.2944 477.142 441.0333 431.2474 554.6755 551.6993 549.0029 476.5669 466.0465 474.4242 479.3951 501.4036 573.5985 564.0541 -9999 -9999 -9999 -9999 -9999
371.701 362.7318 316.049 301.2262 306.9114 307.5169 306.8855 309.5286 311.1074 311.3748 332.3946 313.8195 313.5975 317.0429 322.147 356.5568 358.8068 374.4729 326.8875 359.7476 403.5863 404.8571 343.2289 312.2675 373.5607 369.7301 329.5013 367.3233 365.9338 390.7256 366.0908 386.5443 389.8248 346.8203 378.8202 356.4192 340.422 355.0224 363.924 355.1841 345.4452 348.5494 348.6989 369.3583 363.9258 382.3676 426.4072 409.9348 431.9283 425.4528 438.2487 445.3713 423.3164 444.6885 402.6113 495.3239 560.7626 502.5275 489.9865 464.0139 482.9747 559.5329 525.8826 491.9697 508.8165 531.8586 553.5684 -9999 -9999 -9999 -9999
368.3178 331.5015 332.9083 301.9826 301.4482 307.7565 306.7703 306.0873 307.4988 308.3877 321.2401 338.0391 312.2076 311.0861 321.2312 322.5794 349.8338 412.3026 321.7444 351.6084 405.6899 349.1952 343.6962 311.6129 345.8936 380.0349 317.3246 350.2854 366.2814 376.3521 359.631 374.1054 377.0645 337.2983 364.0759 339.4074 372.9538 368.976 341.3969 340.5762 340.7576 370.671 352.3666 369.5736 356.9262 363.7234 360.4199 379.1494 395.346 391.1635 387.7268 394.9944 403.5035 416.3372 430.3724 505.9105 556.6011 492.0096 426.3152 461.9552 504.2864 498.2139 468.442 483.2242 488.2634 496.3216 595.6744 637.8912 -9999 -9999 -9999
345.4905 321.4117 346.7062 308.4724 306.9838 302.0606 300.5135 299.4879 306.0054 305.2867 309.9172 318.6352 322.7719 319.3022 316.1876 333.8675 319.7264 325.4474 326 357.834 363.4092 386.4655 371.3123 311.6646 322.4899 345.1821 317.0723 317.5805 344.3106 362.2457 352.9958 368.1474 345.6527 332.2539 354.1695 353.6577 348.7765 339.1038 334.6165 335.108 344.4819 353.8257 366.7865 368.6735 360.5321 347.4542 352.2235 355.1657 365.869 374.5316 392.4862 378.5122 422.075 382.1445 444.9054 473.4479 484.6149 427.0488 485.4904 472.5065 460.4888 456.0264 565.9517 552.9066 490.4107 532.5778 560.133 617.0024 -9999 -9999 -9999
333.3872 338.7548 314.8449 331.6415 326.2601 335.5437 303.8433 295.0027 296.4746 294.5085 303.0593 305.1082 309.104 304.5801 323.3441 324.991 314.0696 307.0687 315.7054 327.7151 401.6674 397.6513 352.0518 317.4196 316.9351 336.253 316.8167 362.4731 349.8547 336.0397 350.4056 359.2918 351.4307 337.4573 321.7651 343.4057 340.6299 330.1103 328.5598 336.8763 346.8902 355.3638 352.6341 364.8624 347.355 355.7312 336.0979 343.7057 360.0746 354.2532 384.6957 392.1836 379.3054 408.3977 472.3767 449.5975 427.6796 472.2415 515.1937 453.3028 424.2558 490.795 510.3586 528.4858 476.9149 548.7094 521.2678 585.2586 534.6091 -9999 -9999
372.0132 343.901 329.306 316.748 322.2318 317.6673 327.681 301.6442 299.714 293.5032 294.6253 300.8965 301.4586 308.5563 310.9885 312.3646 300.6329 304.5673 306.9114 313.1393 325.8252 389.1764 379.9248 322.4257 304.402 327.4719 322.4198 336.665 348.1352 351.3491 338.3289 322.0733 322.0865 331.9626 351.7145 355.9911 351.5873 329.7227 334.6643 345.6207 339.6365 359.2037 337.3816 355.1616 336.9843 333.6689 330.3556 330.0211 342.0979 351.0294 354.4376 419.3744 366.0836 430.7305 459.812 427.0385 404.4224 488.7827 433.5685 410.0766 498.7857 458.1014 487.8641 453.7691 454.9134 495.647 496.4126 539.2269 502.2133 -9999 -9999
460.8413 398.5108 357.776 347.3517 330.6549 311.9342 310.6482 306.4474 298.373 295.5211 293.4982 292.8716 299.9735 296.2683 307.9983 311.1286 300.9591 307.2805 307.7516 309.5734 316.8414 320.3206 366.5948 324.0569 292.7728 293.9235 303.4701 344.6974 335.6587 357.4426 362.4044 333.0826 313.0771 317.4205 314.8967 327.878 315.136 315.1862 334.2248 344.4278 338.035 349.1311 329.3367 317.7357 336.6305 329.1089 323.6562 333.5028 336.2173 337.3786 345.3539 358.6684 375.6144 390.7205 420.9771 382.0492 470.8875 432.6074 399.9025 494.7181 461.4375 418.0529 409.0912 456.8799 461.9283 520.3654 509.1056 475.8923 521.7387 580.7761 -9999
401.8335 417.8604 419.7391 367.3862 340.5777 356.6185 335.0679 304.1393 299.1445 295.9453 294.0582 292.3022 293.8438 293.7623 294.4664 295.4724 299.2931 304.6472 306.2299 303.7381 305.6511 304.196 304.2593 337.8459 291.8187 292.1076 339.3018 364.5016 361.8606 338.9845 327.2471 340.5115 310.4337 325.4667 321.0953 306.7903 314.6107 313.5658 331.7119 322.3479 331.6921 331.4602 325.1254 317.607 324.548 321.7432 325.1758 331.0403 335.7801 344.2159 349.9051 352.5361 374.6535 413.2189 385.6049 390.0954 467.9495 414.0641 475.642 508.7004 417.6413 390.3013 437.0535 491.3686 450.5262 468.7701 467.3393 515.1543 505.0384 598.0743 599.3365
386.5812 414.9558 384.7393 366.3415 379.9355 369.4818 366.6712 329.1066 320.9288 327.4088 297.9863 293.4933 287.7982 289.946 291.761 293.5652 293.0952 294.109 305.4589 300.2397 298.5278 293.5726 294.607 305.044 292.3351 294.087 300.1255 322.4464 340.2057 345.8842 318.2872 331.5801 302.6036 315.7256 302.7928 301.5888 308.7985 308.7672 319.2593 317.7837 330.3691 316.5355 316.0343 315.9137 316.5714 316.9624 321.0845 328.6391 334.3421 340.3106 345.4389 349.3291 353.6577 421.0657 371.4068 460.7801 461.3272 372.1219 430.7979 459.6051 385.1394 429.2064 493.5461 505.0052 492.4249 508.3946 515.3304 536.916 505.8083 567.4102 604.0484
380.5932 385.9776 394.7989 392.2517 396.9269 364.8123 345.7881 359.0843 343.988 349.925 317.2313 296.9216 291.2173 288.0008 289.0268 288.6045 290.0814 291.0227 291.7492 293.2671 295.0347 293.1836 293.3432 293.2798 289.4604 291.3035 301.8473 303.8597 319.1882 310.4271 305.2407 307.5952 300.7973 300.2822 296.8024 307.5636 305.8032 301.8099 326.8179 317.2645 315.8838 310.0307 312.0416 312.2985 312.5083 314.5905 318.7494 325.766 330.1163 335.9044 340.9496 344.7805 344.7564 359.3042 347.7565 418.975 440.7159 392.5366 438.0058 493.3779 366.3038 429.2572 489.5774 519.6874 491.3804 467.1565 470.295 502.9627 494.8302 525.0563 498.3856
-9999 382.01 366.3831 372.1863 363.3176 340.4853 334.5639 318.4229 309.9782 307.825 299.2013 298.8729 315.1101 287.3991 287.402 287.4818 287.7484 287.4207 287.7563 288.1632 291.6856 293.3354 291.7382 290.6632 288.1698 287.455 291.7534 298.7168 298.0374 299.6073 306.1928 297.5819 299.8046 295.0353 293.7408 299.8169 301.3477 300.2267 318.065 304.9967 306.8349 308.0128 308.4594 308.9749 309.3227 311.6664 316.9422 324.0767 327.7602 332.9452 337.8304 340.044 339.9765 341.9263 351.2285 382.8648 412.3648 388.4838 430.851 423.9869 390.8756 409.2617 444.1587 453.9026 447.5219 461.38 478.3296 444.2824 460.4027 481.4891 546.7275
-9999 388.1689 411.5475 405.2514 353.9468 404.8284 398.0506 361.1653 328.7254 327.6849 304.769 336.3351 320.2944 325.8391 287.8649 287.3952 285.9098 285.6913 285.8535 286.6827 288.565 289.5434 289.8376 289.2551 287.5857 284.1629 288.1983 292.9197 289.0938 291.3379 297.6243 293.0755 301.325 291.8267 290.597 293.7808 294.8417 306.5907 299.2226 293.5058 305.7929 305.2279 305.2374 306.3656 306.2398 311.9738 318.1756 319.3179 326.1848 330.7331 332.7849 334.248 336.1174 337.8777 369.0158 428.8838 446.5624 373.0678 416.2811 385.0126 372.6565 395.141 379.0535 413.9285 419.3509 438.455 429.2789 441.5041 464.1232 491.6382 500.7294
-9999 416.0254 408.4948 410.3644 389.4082 370.176 356.7763 341.9886 335.3942 318.5006 353.7286 332.5006 317.2008 315.8409 312.233 289.1974 286.7332 284.7172 283.5087 283.8786 285.4454 285.962 287.5798 289.0972 285.1655 281.0277 284.784 287.5822 287.4681 287.671 290.0807 290.0105 289.8692 288.8874 287.8281 289.9498 292.7823 308.0568 299.6045 313.3471 305.7486 302.7852 305.0058 305.5251 305.7861 312.0928 312.3716 319.5478 321.8659 325.0138 325.9194 328.3003 330.2306 329.0846 334.6927 367.1454 381.0846 349.1376 366.7419 354.2342 359.5885 350.8825 394.7477 379.0363 384.6893 407.7805 430.1147 427.4572 444.0562 437.5144 497.9849
-9999 -9999 430.2971 454.1987 464.2663 407.8296 382.7929 396.4349 368.2869 406.6579 376.9115 347.6788 328.0245 305.4502 323.1811 333.6983 304.5844 287.6118 284.6157 281.3066 281.3355 281.5807 286.5301 284.6103 284.4121 280.3287 283.7731 286.5975 286.7114 287.1296 286.9764 286.9229 287.2928 286.711 286.6498 287.6954 289.9955 292.5981 307.3285 316.8627 301.7953 301.3168 301.2771 302.0452 304.7908 308.3412 310.7039 313.2922 316.7074 320.3418 321.1807 322.8498 324.2314 324.8783 323.7478 331.8163 343.3054 350.2771 349.4814 338.8793 342.6019 357.8624 353.08 424.2103 424.8833 423.5891 403.3646 404.9831 428.6062 439.7494 483.6959
-9999 -9999 -9999 528.4655 566.2855 495.0222 464.3766 497.4119 426.9858 387.4745 360.8296 383.4592 355.4122 325.7965 359.6737 305.8668 311.4732 330.2386 291.3711 285.3145 282.563 281.3061 280.977 282.3863 281.078 279.3541 282.7361 284.7758 285.0613 285.6297 283.6241 287.7611 286.3564 285.2003 287.464 286.0782 288.4113 287.7667 291.8357 311.2805 302.0632 297.5667 298.6129 300.7441 304.5227 305.4231 305.7811 310.399 316.7098 315.6287 317.028 318.5071 318.6121 319.5416 318.3755 324.6109 328.8546 342.9751 335.4189 352.8456 349.2923 365.2433 361.4684 390.0512 427.9184 377.2206 444.7766 488.9483 451.6512 437.7128 478.5742
-9999 -9999 -9999 -9999 472.2981 523.9778 546.5683 525.8654 461.7162 421.682 406.3772 396.3328 344.4452 371.7376 357.8594 335.2701 346.8569 331.5132 307.4911 303.0859 282.4185 281.2566 279.9955 281.0328 281.8571 277.4953 282.0384 283.1265 283.2686 282.0593 281.7737 286.7548 284.3276 285.327 290.9687 285.2746 285.055 285.8852 288.5448 293.3806 292.8818 294.5701 300.2656 322.4468 312.7236 306.7924 305.1315 307.1827 309.9518 310.0224 311.9638 311.6754 313.5963 314.1879 312.2342 317.7401 336.5519 337.0347 336.5285 334.7894 348.5779 348.9561 349.6194 411.1487 370.7779 372.5381 399.8519 430.8955 418.3692 470.5477 486.1016
-9999 -9999 -9999 -9999 -9999 489.3894 491.4446 548.659 430.3651 434.5486 378.1534 411.6451 363.2799 394.559 353.2118 336.4182 339.1135 370.6908 337.6567 305.1758 297.4502 280.233 278.8866 278.1845 279.9232 276.934 275.9458 282.4228 281.6008 281.0741 279.4361 281.8874 282.8839 284.3625 286.3044 282.8854 286.2997 284.1877 286.908 288.934 291.5935 293.3553 299.3343 309.1357 305.4735 304.4709 303.98 306.7038 305.8217 305.6888 307.3026 307.9747 308.9096 309.4412 307.8175 311.574 323.5559 319.4749 321.3223 317.5031 329.4019 339.0225 358.3551 402.6819 363.6458 447.818 493.1254 465.5969 465.3181 434.1911 483.033
-9999 -9999 -9999 -9999 -9999 -9999 -9999 504.9825 450.0486 417.2373 378.6278 403.7912 386.7441 341.4399 362.9639 340.5754 324.3929 329.7546 369.6631 350.5557 311.847 281.8867 278.6924 275.0934 275.9007 276.0769 275.6294 281.4174 280.5913 279.5242 278.3604 281.5469 281.6752 282.5294 282.2718 281.387 282.465 282.9931 286.2413 288.0908 289.0297 292.3527 293.2798 293.4711 298.7316 298.2568 298.9071 301.1958 301.2431 302.7728 302.8055 303.7891 304.7625 306.4245 305.8982 309.4979 313.1928 307.8965 325.2654 330.836 329.458 337.0294 353.7716 392.0768 374.2974 426.0818 468.3228 425.9052 476.3599 463.658 495.9658
-9999 -9999 -9999 -9999 -9999 -9999 -9999 -9999 486.0783 430.912 387.855 360.5464 379.5079 359.0089 390.0205 374.7975 333.8002 329.5739 335.1959 348.9827 374.0192 345.5712 300.2872 280.729 274.7704 274.1441 274.9661 273.4465 281.3014 277.7656 277.2262 278.9829 280.4891 281.7187 281.5162 280.8822 281.385 282.8435 284.6527 285.9613 286.6466 288.0253 290.0488 290.347 294.1558 294.0909 298.461 296.8006 297.1611 300.2313 298.2278 298.4858 300.6854 301.0499 300.657 302.2245 303.3002 314.994 322.3904 323.8247 323.6506 326.1162 333.6463 375.347 357.065 360.5678 441.3017 486.7093 437.0128 531.4569 456.2875
-9999 -9999 -9999 -9999 -9999 -9999 -9999 -9999 -9999 417.3632 383.5485 379.3571 355.827 367.5391 346.0295 335.2708 324.2906 307.3481 320.2691 316.3816 321.9582 326.516 316.5679 318.798 306.7677 276.0156 271.5055 271.8092 274.4462 275.1736 275.8429 276.2845 278.6244 281.3241 280.8466 280.4319 281.0724 281.8487 283.1684 284.5834 285.5047 287.1012 287.8274 293.5923 293.2613 293.0372 295.2347 291.9389 294.1024 295.3918 292.8456 292.7836 294.2045 295.3186 295.2018 299.5834 307.3378 311.2199 317.5267 319.7455 322.0905 330.221 337.0267 335.134 391.0095 426.4652 422.0827 429.821 437.7784 445.6467 469.2406
-9999 -9999 -9999 -9999 -9999 -9999 -9999 -9999 -9999 -9999 363.3377 417.204 408.3295 408.4766 452.3353 360.5286 353.6125 310.8472 322.5895 305.2492 290.5728 294.4442 295.8243 291.4682 290.2707 276.8647 273.3573 270.725 272.2932 273.9783 275.3396 275.4854 277.2259 281.0388 279.8274 280.9969 281.7842 280.2725 281.6534 283.3968 286.904 297.3706 297.5619 308.7004 289.9353 294.5409 293.8915 294.9518 293.5682 291.8592 291.5353 291.0527 292.1427 293.8802 292.1255 302.2319 303.1849 305.5572 309.8167 316.0292 320.6037 325.9344 328.8998 327.0339 417.2173 386.8967 396.9061 415.5799 450.0238 503.5383 443.0532
-9999 -9999 -9999 -9999 -9999 -9999 -9999 -9999 -9999 -9999 -9999 513.4879 475.8119 432.5968 409.6436 414.6855 416.916 372.9992 379.9262 322.4077 316.3889 300.9669 307.7062 326.8322 302.6442 281.9967 269.1202 269.7719 270.7332 271.8106 274.8606 273.8696 275.7005 278.1142 276.9267 275.2692 276.5981 278.8405 279.9164 282.1999 305.8493 287.4911 310.2292 300.911 294.9136 293.575 293.5908 293.8746 293.6036 288.4953 288.6536 288.2922 290.1627 288.3945 294.5411 298.0215 299.4238 299.7118 305.9881 313.2927 316.4186 324.1986 311.5809 323.4846 377.5558 350.8283 430.8549 434.6839 508.3449 433.0229 423.4462
-9999 -9999 -9999 -9999 -9999 -9999 -9999 -9999 -9999 -9999 -9999 -9999 478.4012 512.8516 490.4659 446.2427 377.9979 361.0275 338.859 324.5205 355.1745 395.0502 381.6471 320.4038 328.2439 328.4345 292.3233 268.9415 269.0632 269.0522 268.8858 270.8866 275.7123 276.3452 275.7615 275.2209 276.1046 275.7346 280.6981 291.1205 296.7669 287.3606 287.3455 307.8568 309.0744 287.3586 294.962 296.2167 292.2424 284.4083 287.4553 285.6609 287.8665 287.6717 294.1316 294.9008 295.4893 297.9272 302.7576 305.5227 307.4247 318.5141 307.4361 328.9907 324.3867 425.1159 445.1618 407.0765 433.2717 401.862 466.1877
-9999 -9999 -9999 -9999 -9999 -9999 -9999 -9999 -9999 -9999 -9999 -9999 448.5305 464.7749 469.3696 496.3633 453.1435 405.0454 359.8681 343.8158 345.9394 365.9581 369.7826 362.1882 344.9321 346.0883 337.428 275.3874 268.518 268.3784 267.5485 268.2957 271.3928 275.6592 275.0146 275.0403 274.6536 276.9357 281.0992 285.9866 287.9477 287.8524 290.9113 292.9524 300.9654 297.2726 295.8796 287.9784 287.11 284.4241 287.5341 283.2417 283.0115 286.2822 287.4214 293.4013 292.9586 293.2897 301.076 307.401 305.8089 305.0738 311.8237 309.4198 336.2255 359.3314 436.1906 425.4381 391.7852 430.8683 453.9185
-9999 -9999 -9999 -9999 -9999 -9999 -9999 -9999 -9999 -9999 -9999 -9999 -9999 420.1777 479.5539 541.4302 509.6074 418.7086 409.4202 379.6418 390.0907 357.6271 358.8475 343.0023 302.4791 318.9695 356.8193 342.7191 275.9915 270.2733 267.0518 266.9938 268.1798 275.3316 272.0714 272.8114 274.0644 282.0181 282.223 285.0559 283.8049 283.0481 286.7831 287.099 303.7259 296.6731 303.5259 291.3796 281.0274 293.4236 282.0894 281.4995 281.8271 285.7108 288.1797 289.2578 288.3338 292.288 293.4149 293.8936 300.9345 301.2379 313.4815 324.0133 333.3731 339.7924 376.1041 358.4323 411.3636 470.9681 497.3721
-9999 -9999 -9999 -9999 -9999 -9999 -9999 -9999 -9999 -9999 -9999 -9999 -9999 -9999 443.3055 463.5837 549.4573 555.3279 475.8637 407.9953 399.2925 352.4437 364.5447 332.8981 305.7475 341.3833 315.7314 358.336 349.6233 286.1847 273.213 265.3681 266.8518 269.7526 269.9751 271.5095 275.1779 275.985 280.4922 286.2957 300.9133 281.0475 297.8326 286.2152 287.446 287.3585 293.074 289.3297 276.4206 293.4463 282.9208 278.0609 283.0133 280.8662 287.7401 284.8817 286.9398 292.6166 289.9926 291.8816 293.4157 303.9445 308.1053 320.0907 334.3841 342.7902 337.3912 395.143 439.8896 455.4317 492.351
