data/map/CA_DEM/n36-37w121-122_Resmp_clip-Mod_ASCII/n36-37w121-122_resmp_clip-mod_ascii.txt
ncols         354
nrows         413
xllcorner     1773134.5889377
yllcorner     514871.64830039
cellsize      300
NODATA_value  -9999
[rows 279 to 309 of 413, columns 276 to 344 of 354]
463.962 442.4882 430.5584 404.2221 426.2886 433.9425 441.1004 416.0495 453.4713 460.9453 451.3867 443.9457 470.6645 428.9398 450.05 474.8231 482.2087 489.9901 469.0115 -9999 -9999 -9999 -9999 -9999 -9999 -9999 -9999 -9999 -9999 -9999 -9999 -9999 -9999 -9999 -9999 -9999 -9999 -9999 -9999 -9999 -9999 -9999 -9999 -9999 -9999 -9999 -9999 -9999 -9999 -9999 -9999 -9999 -9999 -9999 -9999 -9999 -9999 -9999 -9999 -9999 -9999 -9999 -9999 -9999 -9999 -9999 -9999 -9999 -9999
491.4074 467.3535 423.3803 394.9906 444.7387 427.5193 423.9688 421.7684 452.6241 458.444 426.4609 452.9287 469.2581 427.9013 430.5311 466.9017 464.5612 477.1244 480.2258 482.0856 -9999 -9999 -9999 -9999 -9999 -9999 -9999 -9999 -9999 -9999 -9999 -9999 -9999 -9999 -9999 -9999 -9999 -9999 -9999 -9999 -9999 -9999 -9999 -9999 -9999 -9999 -9999 -9999 -9999 -9999 -9999 -9999 -9999 -9999 -9999 -9999 -9999 -9999 -9999 -9999 -9999 -9999 -9999 -9999 -9999 -9999 -9999 -9999 -9999
503.9236 451.7567 427.5285 402.2857 413.059 417.9957 412.5116 440.5208 468.8334 456.0505 424.4386 437.6037 441.5339 425.6662 437.9153 465.8053 459.6294 466.0105 475.9167 491.3202 449.5946 -9999 -9999 -9999 -9999 -9999 -9999 -9999 -9999 -9999 -9999 -9999 -9999 -9999 -9999 -9999 -9999 -9999 -9999 -9999 -9999 -9999 -9999 -9999 -9999 -9999 -9999 -9999 -9999 -9999 -9999 -9999 -9999 -9999 -9999 -9999 -9999 -9999 -9999 -9999 -9999 -9999 -9999 -9999 -9999 -9999 -9999 -9999 -9999
502.8005 425.5258 424.5208 390.0971 401.452 396.9573 441.608 436.0813 456.0392 426.4569 415.4022 426.2957 417.903 440.294 447.7838 464.8881 438.8371 438.847 434.4727 439.6201 446.54 480.7264 -9999 -9999 -9999 -9999 -9999 -9999 -9999 -9999 -9999 -9999 -9999 -9999 -9999 -9999 -9999 -9999 -9999 -9999 -9999 -9999 -9999 -9999 -9999 -9999 -9999 -9999 -9999 -9999 -9999 -9999 -9999 -9999 -9999 -9999 -9999 -9999 -9999 -9999 -9999 -9999 -9999 -9999 -9999 -9999 -9999 -9999 -9999
446.1184 459.3853 406.4936 384.4972 400.1335 447.3755 446.8118 430.8142 424.6596 421.7206 408.0586 409.4653 440.1362 478.9641 496.9414 484.9932 464.619 449.7432 436.2067 441.9747 502.9716 461.6429 497.8858 -9999 -9999 -9999 -9999 -9999 -9999 -9999 -9999 -9999 -9999 -9999 -9999 -9999 -9999 -9999 -9999 -9999 -9999 -9999 -9999 -9999 -9999 -9999 -9999 -9999 -9999 -9999 -9999 -9999 -9999 -9999 -9999 -9999 -9999 -9999 -9999 -9999 -9999 -9999 -9999 -9999 -9999 -9999 -9999 -9999 -9999
470.781 413.9197 394.9258 380.8937 421.0589 451.8148 445.3975 403.8962 423.4699 400.4627 400.6273 441.0936 467.8606 468.7665 469.8587 471.8568 433.8188 426.8412 431.109 488.3165 463.8055 496.4513 505.443 529.0596 -9999 -9999 -9999 -9999 -9999 -9999 -9999 -9999 -9999 -9999 -9999 -9999 -9999 -9999 -9999 -9999 -9999 -9999 -9999 -9999 -9999 -9999 -9999 -9999 -9999 -9999 -9999 -9999 -9999 -9999 -9999 -9999 -9999 -9999 -9999 -9999 -9999 -9999 -9999 -9999 -9999 -9999 -9999 -9999 -9999
435.9648 403.8179 393.6759 378.4539 423.4896 407.0206 422.3869 393.0511 391.1321 393.9056 428.7873 447.0164 459.0095 460.8189 477.8576 446.8214 426.1815 423.3437 451.4191 496.7405 453.1192 473.6749 519.6081 492.8486 481.6652 -9999 -9999 -9999 -9999 -9999 -9999 -9999 -9999 -9999 -9999 -9999 -9999 -9999 -9999 -9999 -9999 -9999 -9999 -9999 -9999 -9999 -9999 -9999 -9999 -9999 -9999 -9999 -9999 -9999 -9999 -9999 -9999 -9999 -9999 -9999 -9999 -9999 -9999 -9999 -9999 -9999 -9999 -9999 -9999
420.668 426.3624 378.4308 384.811 441.0878 391.2441 396.6835 384.8809 389.9115 419.5603 442.7682 462.7111 429.7803 483.5482 490.9821 442.5601 414.7903 434.9618 461.6124 463.1329 455.1508 503.7285 492.1999 457.9996 489.6318 510.4005 532.9672 -9999 -9999 -9999 -9999 -9999 -9999 -9999 -9999 -9999 -9999 -9999 -9999 -9999 -9999 -9999 -9999 -9999 -9999 -9999 -9999 -9999 -9999 -9999 -9999 -9999 -9999 -9999 -9999 -9999 -9999 -9999 -9999 -9999 -9999 -9999 -9999 -9999 -9999 -9999 -9999 -9999 -9999
425.6914 393.7272 377.9051 379.6244 388.5198 380.6724 378.179 396.0424 414.609 466.684 491.8076 468.0989 422.4982 456.8702 458.9546 424.9877 409.632 438.6855 459.2359 447.2697 472.1679 471.4351 447.3587 508.9618 514.6915 541.7294 506.7952 551.5864 -9999 -9999 -9999 -9999 -9999 -9999 -9999 -9999 -9999 -9999 -9999 -9999 -9999 -9999 -9999 -9999 -9999 -9999 -9999 -9999 -9999 -9999 -9999 -9999 -9999 -9999 -9999 -9999 -9999 -9999 -9999 -9999 -9999 -9999 -9999 -9999 -9999 -9999 -9999 -9999 -9999
402.6523 390.462 368.7664 378.6419 377.9876 371.8433 400.4986 428.2451 475.1091 461.954 463.6101 485.0132 421.9047 422.9673 448.4441 415.1442 424.1025 470.6317 453.086 427.5085 438.2897 465.7545 492.3883 510.6803 540.3847 528.6851 502.4265 504.145 534.1439 -9999 -9999 -9999 -9999 -9999 -9999 -9999 -9999 -9999 -9999 -9999 -9999 -9999 -9999 -9999 -9999 -9999 -9999 -9999 -9999 -9999 -9999 -9999 -9999 -9999 -9999 -9999 -9999 -9999 -9999 -9999 -9999 -9999 -9999 -9999 -9999 -9999 -9999 -9999 -9999
383.6833 413.7478 359.8166 364.2604 367.2632 394.6183 425.64 493.6214 481.2121 439.7606 509.8522 461.4625 442.2632 405.8951 428.8237 400.6119 442.7119 470.4757 451.3478 423.9176 456.1498 453.3611 513.4605 516.6255 543.4916 545.2305 484.1698 477.0843 505.173 571.0076 511.1342 -9999 -9999 -9999 -9999 -9999 -9999 -9999 -9999 -9999 -9999 -9999 -9999 -9999 -9999 -9999 -9999 -9999 -9999 -9999 -9999 -9999 -9999 -9999 -9999 -9999 -9999 -9999 -9999 -9999 -9999 -9999 -9999 -9999 -9999 -9999 -9999 -9999 -9999
414.0226 368.108 356.0925 374.0901 392.6707 455.1713 493.9624 446.3472 459.2489 479.9168 459.1601 443.3438 443.1021 410.842 413.059 399.941 447.2548 477.2348 450.7675 419.7775 465.6978 472.002 506.1849 486.8379 555.5436 484.2696 466.67 535.0452 574.4075 550.2891 501.4147 560.8952 -9999 -9999 -9999 -9999 -9999 -9999 -9999 -9999 -9999 -9999 -9999 -9999 -9999 -9999 -9999 -9999 -9999 -9999 -9999 -9999 -9999 -9999 -9999 -9999 -9999 -9999 -9999 -9999 -9999 -9999 -9999 -9999 -9999 -9999 -9999 -9999 -9999
361.877 355.7307 349.3165 386.7601 467.0989 464.2924 471.7572 449.6958 421.8575 466.8549 436.7743 460.699 409.6997 413.7773 396.7289 412.7795 414.9362 453.7072 419.9101 427.6318 433.2001 483.5783 490.1479 496.5385 544.1522 495.5223 458.1307 514.2249 549.8536 502.2766 551.6317 601.4625 575.726 611.2098 -9999 -9999 -9999 -9999 -9999 -9999 -9999 -9999 -9999 -9999 -9999 -9999 -9999 -9999 -9999 -9999 -9999 -9999 -9999 -9999 -9999 -9999 -9999 -9999 -9999 -9999 -9999 -9999 -9999 -9999 -9999 -9999 -9999 -9999 -9999
368.8808 337.9583 364.5701 428.08 467.1752 446.3638 434.1038 418.6219 443.4111 516.912 461.6058 455.1769 462.5294 390.5008 390.3669 432.3552 401.4954 410.2522 404.1979 451.6369 504.158 526.0308 475.2789 499.9815 509.2143 490.3293 477.741 516.6234 485.7048 546.0479 587.6044 572.0208 611.7261 562.8993 515.5219 -9999 -9999 -9999 -9999 -9999 -9999 -9999 -9999 -9999 -9999 -9999 -9999 -9999 -9999 -9999 -9999 -9999 -9999 -9999 -9999 -9999 -9999 -9999 -9999 -9999 -9999 -9999 -9999 -9999 -9999 -9999 -9999 -9999 -9999
334.6987 349.8838 382.427 462.2022 469.0608 439.5403 408.7526 492.08 516.6512 510.3517 495.3133 418.7948 421.0751 397.3747 389.4554 445.8124 414.3235 392.4428 436.986 485.4028 470.5422 504.7558 453.6969 513.5463 465.7928 440.9807 493.0877 474.1524 543.6965 566.5262 549.1485 614.8071 591.8553 586.2728 502.3961 553.6859 597.6902 -9999 -9999 -9999 -9999 -9999 -9999 -9999 -9999 -9999 -9999 -9999 -9999 -9999 -9999 -9999 -9999 -9999 -9999 -9999 -9999 -9999 -9999 -9999 -9999 -9999 -9999 -9999 -9999 -9999 -9999 -9999 -9999
338.2653 357.6534 434.4995 415.3168 426.0501 399.0165 473.4124 487.5799 496.6153 441.7745 499.8633 428.2034 417.384 384.2445 391.5328 399.503 384.8223 446.4579 509.8571 501.6042 481.3008 482.679 466.1934 489.0455 466.9947 460.7254 451.5339 524.3722 573.7402 547.9487 569.9972 559.626 592.2366 527.2407 480.8394 531.4031 585.4162 505.6375 571.3882 -9999 -9999 -9999 -9999 -9999 -9999 -9999 -9999 -9999 -9999 -9999 -9999 -9999 -9999 -9999 -9999 -9999 -9999 -9999 -9999 -9999 -9999 -9999 -9999 -9999 -9999 -9999 -9999 -9999 -9999
341.5004 441.9001 449.2881 434.6161 390.2589 447.1604 445.7049 446.6563 451.5128 432.4699 469.5382 433.5629 402.8512 365.5154 379.5212 396.2785 440.0679 496.782 465.7019 440.66 508.8702 433.9255 491.5514 460.1333 420.6216 439.2262 460.6077 533.4789 595.5013 531.2581 577.9066 580.9366 582.5129 514.3461 484.7229 543.9839 499.0112 536.1484 634.196 587.2762 -9999 -9999 -9999 -9999 -9999 -9999 -9999 -9999 -9999 -9999 -9999 -9999 -9999 -9999 -9999 -9999 -9999 -9999 -9999 -9999 -9999 -9999 -9999 -9999 -9999 -9999 -9999 -9999 -9999
396.8918 432.8373 423.5832 385.8362 431.8399 417.3782 469.4354 425.9243 463.9497 468.8113 430.9424 408.2467 384.3923 360.2376 403.0948 462.3279 470.0885 513.4187 449.0017 445.5266 462.4515 426.8207 474.2274 441.8073 427.5942 446.2655 495.4413 554.4561 561.9023 542.0145 548.8825 533.9236 534.7115 492.3941 473.5065 484.808 527.9764 572.3881 616.18 596.0658 559.1639 618.8072 -9999 -9999 -9999 -9999 -9999 -9999 -9999 -9999 -9999 -9999 -9999 -9999 -9999 -9999 -9999 -9999 -9999 -9999 -9999 -9999 -9999 -9999 -9999 -9999 -9999 -9999 -9999
392.304 434.9266 439.6378 378.0762 429.1815 425.9615 435.6485 427.1231 457.5303 459.9523 418.6886 396.5638 364.5872 353.871 432.835 409.7129 460.2725 515.6013 454.5883 463.6417 441.1602 423.432 450.3575 406.6906 444.7204 466.2444 539.1515 578.3052 498.9352 564.774 511.9691 539.1352 500.4337 468.4536 463.1454 528.5673 539.1375 606.5939 577.6758 583.9006 586.2548 614.0812 597.7101 -9999 -9999 -9999 -9999 -9999 -9999 -9999 -9999 -9999 -9999 -9999 -9999 -9999 -9999 -9999 -9999 -9999 -9999 -9999 -9999 -9999 -9999 -9999 -9999 -9999 -9999
430.216 412.3268 392.6917 380.2451 421.4775 408.0717 405.5221 427.903 442.9044 449.9191 413.7864 382.0402 359.5758 373.4006 390.3728 433.1673 514.2037 475.1206 415.3798 481.0241 442.7469 407.3598 423.2147 428.4923 472.9323 530.2684 573.0255 514.2122 482.1585 503.0368 529.2993 543.4705 501.1776 451.4367 465.2104 507.4981 584.2335 551.0927 592.1246 578.0474 571.6489 586.0908 575.6255 503.1905 496.2875 -9999 -9999 -9999 -9999 -9999 -9999 -9999 -9999 -9999 -9999 -9999 -9999 -9999 -9999 -9999 -9999 -9999 -9999 -9999 -9999 -9999 -9999 -9999 -9999
418.101 379.909 366.4759 387.0057 374.8692 417.4867 425.2561 424.8914 411.2698 404.653 411.6477 365.4987 348.798 399.7571 421.9858 449.4571 455.5888 479.6308 405.9769 471.4328 426.9279 392.5294 396.7971 439.3394 493.5849 493.3142 560.8909 480.2572 490.5576 525.3411 505.3476 515.4677 466.7843 453.7295 478.8959 558.7671 523.059 599.2219 557.5632 539.3987 588.7705 559.481 537.2438 480.277 492.9725 534.8661 575.7287 -9999 -9999 -9999 -9999 -9999 -9999 -9999 -9999 -9999 -9999 -9999 -9999 -9999 -9999 -9999 -9999 -9999 -9999 -9999 -9999 -9999 -9999
392.3622 350.6146 398.5413 386.9262 384.2499 421.1209 409.9058 394.4598 421.8252 438.8693 362.5494 355.7419 350.2192 412.0773 476.7505 467.5367 432.3802 434.4136 409.6893 465.8262 428.7899 384.5034 426.5284 470.1382 527.5775 468.305 523.7967 442.5916 498.5509 515.4749 474.0595 484.141 429.6689 460.2022 507.1816 509.6513 587.4483 613.2384 532.3912 552.7786 618.0784 587.9798 513.3171 472.9303 549.8228 565.2391 582.6088 524.5118 -9999 -9999 -9999 -9999 -9999 -9999 -9999 -9999 -9999 -9999 -9999 -9999 -9999 -9999 -9999 -9999 -9999 -9999 -9999 -9999 -9999
348.4585 373.7787 383.166 366.9677 408.2719 410.4928 376.9005 402.8656 437.2735 378.2693 353.2789 341.1155 405.1692 461.7959 438.6176 456.0508 460.3548 483.4264 401.1367 402.2336 381.8066 415.6962 509.1161 533.0747 487.9299 465.6148 511.3988 448.3044 506.3378 476.8713 471.6984 421.799 445.443 504.7053 509.8579 561.5099 593.0756 520.2145 503.2713 597.4119 609.8107 564.0046 514.1459 471.4193 558.101 541.9551 547.327 543.2069 543.6921 601.0554 -9999 -9999 -9999 -9999 -9999 -9999 -9999 -9999 -9999 -9999 -9999 -9999 -9999 -9999 -9999 -9999 -9999 -9999 -9999
352.0493 383.915 361.2333 375.512 361.1516 386.5839 364.4319 408.7131 409.8445 379.3654 329.1987 394.8231 455.0775 435.2059 467.2592 471.9305 425.1625 447.312 393.2663 389.0394 398.2542 499.1227 483.4045 523.413 490.3765 463.0694 461.8263 439.5153 452.0335 439.7556 413.9137 425.0658 461.9996 535.3954 477.7432 541.092 537.5346 489.7847 593.2213 573.7236 581.8633 567.7173 502.4821 477.9277 564.1725 532.8988 536.6398 537.8571 544.3585 546.2158 569.5061 556.0717 -9999 -9999 -9999 -9999 -9999 -9999 -9999 -9999 -9999 -9999 -9999 -9999 -9999 -9999 -9999 -9999 -9999
367.0918 383.1958 361.4868 358.7336 395.2981 366.3824 376.9039 391.0312 378.6483 343.7398 335.1237 428.7836 420.826 414.1086 456.5271 464.883 389.8123 426.0195 389.7394 367.8152 467.6671 464.1367 477.5609 532.1885 508.9749 433.8978 446.9397 434.1108 428.5704 399.0792 429.3946 488.4872 533.2566 516.0323 472.7119 469.8474 494.2957 579.0756 578.9261 557.9808 591.1227 516.2403 480.7422 517.9453 566.452 553.0344 523.6071 526.2676 551.561 565.7505 579.2853 535.5885 526.1374 -9999 -9999 -9999 -9999 -9999 -9999 -9999 -9999 -9999 -9999 -9999 -9999 -9999 -9999 -9999 -9999
338.7427 362.2608 333.4476 366.1246 375.9475 356.3077 374.0718 355.2118 335.0374 320.7622 376.4298 401.7492 379.8116 423.8565 436.227 442.3176 414.1758 386.3227 374.5901 406.5278 427.9257 481.3773 470.4387 490.2072 482.4144 428.5734 405.916 398.4664 389.5671 437.7315 506.1583 515.892 486.568 457.705 493.071 564.483 562.0867 567.1137 522.1461 590.1788 569.4906 502.5975 458.6865 512.1669 532.4817 536.7117 558.3191 499.075 512.3278 542.848 550.7866 519.3427 562.5336 571.0542 518.1136 -9999 -9999 -9999 -9999 -9999 -9999 -9999 -9999 -9999 -9999 -9999 -9999 -9999 -9999
343.8895 327.3003 330.101 352.6542 354.081 354.0143 335.9574 333.4978 324.2473 349.7736 399.1309 410.899 375.345 413.8629 428.2107 397.8621 376.1212 376.507 354.1387 429.2362 419.4951 485.1724 476.2041 491.5038 434.069 423.0498 405.445 385.3658 436.4259 473.0555 500.3696 451.8421 437.7732 463.3485 527.8909 542.8005 527.6802 530.0823 530.4197 529.5468 501.4377 481.3228 446.2929 546.3033 566.7668 545.5211 514.1916 501.8539 554.8024 574.8502 556.2389 491.4801 564.301 531.1592 525.9018 504.9309 -9999 -9999 -9999 -9999 -9999 -9999 -9999 -9999 -9999 -9999 -9999 -9999 -9999
330.0133 338.6576 314.6294 344.3567 342.0068 336.3976 327.7706 324.3241 305.753 361.6935 377.4416 360.0775 397.2354 388.0148 412.9232 374.9029 370.7785 367.1791 372.7866 411.5574 433.8792 484.3333 436.4648 464.9827 431.65 396.8234 374.6536 385.2977 396.3366 435.5148 472.6294 439.8524 452.4312 522.2076 525.7702 503.0967 532.5568 556.2619 525.4395 521.1033 480.4882 456.5656 498.04 515.3826 577.4813 567.0103 549.506 488.7496 552.5037 553.7703 546.2203 481.9 553.7479 505.2151 508.6914 540.0248 575.4051 -9999 -9999 -9999 -9999 -9999 -9999 -9999 -9999 -9999 -9999 -9999 -9999
315.423 326.2303 320.2061 320.227 335.6062 324.5523 317.9212 323.6916 303.6452 316.5852 352.4091 390.4825 352.1394 391.7577 374.3778 364.6593 353.0129 344.8339 392.1249 381.8049 419.366 462.6611 426.8802 423.1071 450.6762 410.4501 366.8293 425.0389 471.3434 489.5102 452.8749 421.457 479.2806 513.5404 508.8292 495.9366 514.2751 536.692 504.5103 528.5065 500.046 438.8344 448.2131 522.8621 571.8877 557.7844 571.8703 490.2437 528.501 528.6448 550.7797 476.2053 545.6255 503.995 512.4244 543.1398 555.4954 555.4668 -9999 -9999 -9999 -9999 -9999 -9999 -9999 -9999 -9999 -9999 -9999
300.6327 306.5125 309.7305 317.9207 325.3779 305.166 319.1642 308.3535 314.3118 353.8662 377.1143 376.9983 362.9702 380.3165 381.8445 361.5889 335.8911 359.2405 386.9359 415.7927 448.4807 420.5011 470.1101 433.2375 423.315 379.9178 376.4269 458.4091 456.8745 440.3842 404.2187 476.8653 482.0073 497.6942 495.9118 490.7808 511.1306 498.5567 513.7775 500.3502 452.2718 428.8424 534.9989 547.1431 547.4977 527.6059 558.8341 487.457 496.3876 547.275 535.1841 488.1711 520.8172 478.906 554.2271 548.0604 522.0557 532.2578 527.2336 -9999 -9999 -9999 -9999 -9999 -9999 -9999 -9999 -9999 -9999
290.613 304.7521 299.8891 308.6265 306.3855 307.1958 309.6633 298.7157 339.3378 335.352 352.2141 333.8175 364.4545 372.3285 364.8612 337.4204 364.9402 403.6562 453.6987 458.547 413.3284 460.0747 475.6687 442.6114 378.2335 360.9347 425.6511 442.0329 404.0604 418.3263 406.0473 462.7418 450.6909 472.7124 496.1311 492.7318 495.8367 481.4888 510.6534 479.001 452.298 429.804 477.5993 525.1847 551.9282 525.0613 554.0078 499.2059 496.7491 517.9776 548.3115 503.7451 463.7328 500.542 543.7052 541.1663 500.9711 546.9578 567.2844 598.4318 -9999 -9999 -9999 -9999 -9999 -9999 -9999 -9999 -9999
